2026-01-26T04:52:000.537Z,0.457636,Logger,INFO Logger initialized
2026-01-26T04:52:030.650Z,3.570001,Outgoing:EquipItemHandle,INFO Instance: EquipItemHandle (RemoteEvent)
	Path: game:GetService("ReplicatedStorage").RemoteEvents.EquipItemHandle
	Call Order In Log: 1
	-------------------- Event Data --------------------
	{
    CallOrderInLog = 1,
    DataFromHook = {
        Function = function(arg1, ...)
            -- Name: FireOtherClients | Line: 89
            -- Upvalues: 0
            -- Function Hash: aa39ac63239108cfa21a4866f294cdc519399c76890294f5fe74daded1530f5b406c3a843a850c1edfeafb6b0328691f
            -- LuaEncode: Unable to serialize function
            return
        end,
        Arguments = {
            "FireAllClients",
            game:GetService("Players").LocalPlayer.Inventory["Old Axe"],
            n = 2
        },
        Source = "Players.nsopnet.PlayerScripts.Client.UtilityModules.Events",
        Origin = game:GetService("Players").LocalPlayer.PlayerScripts.LoadClient,
        IsExecutor = false,
        CreationTime = 1769428323.6347,
        Line = 91
    },
    EventType = "Outgoing",
    RemoteInstanceInfo = {
        Path = "game:GetService(\"ReplicatedStorage\").RemoteEvents.EquipItemHandle",
        Name = "EquipItemHandle",
        ClassName = "RemoteEvent"
    }
}
	-------------------- Generated Code --------------------
	-- This code was generated by Cobalt
-- https://github.com/notpoiu/cobalt

local Event = game:GetService("ReplicatedStorage").RemoteEvents.EquipItemHandle
Event:FireServer(
    "FireAllClients",
    game:GetService("Players").LocalPlayer.Inventory["Old Axe"]
)
2026-01-26T04:52:110.838Z,11.758188,Outgoing:ToolDamageObject,INFO Instance: ToolDamageObject (RemoteFunction)
	Path: game:GetService("ReplicatedStorage").RemoteEvents.ToolDamageObject
	Call Order In Log: 1
	-------------------- Event Data --------------------
	{
    CallOrderInLog = 1,
    DataFromHook = {
        Function = function(arg1, arg2, arg3, arg4)
            -- Name: Anonymous Function | Line: 1
            -- Upvalues: 7
            -- Function Hash: d36683820f579f86a3a0e27e666d4428bbd3eb21b88b11b19df0f89ed73049bff56997c14deac3145303621463f49170
            -- LuaEncode: Unable to serialize function
            return
        end,
        Arguments = {
            workspace.Characters.Bunny,
            game:GetService("Players").LocalPlayer.Inventory["Old Axe"],
            "30_8401342884",
            CFrame.new(7.9234337806702, 3.9999997615814, 3.2171726226807, -0.13029955327511, 0, 0.99147468805313, 0, 1, 0, -0.99147468805313, 0, -0.13029955327511),
            n = 4
        },
        Source = "",
        Origin = GetNil("Script", "0_647390"),
        IsExecutor = true,
        CreationTime = 1769428331.7541,
        Line = 1
    },
    EventType = "Outgoing",
    RemoteInstanceInfo = {
        Path = "game:GetService(\"ReplicatedStorage\").RemoteEvents.ToolDamageObject",
        Name = "ToolDamageObject",
        ClassName = "RemoteFunction"
    }
}
	-------------------- Generated Code --------------------
	-- This code was generated by Cobalt
-- https://github.com/notpoiu/cobalt

local Event = game:GetService("ReplicatedStorage").RemoteEvents.ToolDamageObject
Event:InvokeServer(
    workspace.Characters.Bunny,
    game:GetService("Players").LocalPlayer.Inventory["Old Axe"],
    "30_8401342884",
    CFrame.new(7.9234337806702, 3.9999997615814, 3.2171726226807, -0.13029955327511, 0, 0.99147468805313, 0, 1, 0, -0.99147468805313, 0, -0.13029955327511)
)
2026-01-26T04:52:110.877Z,11.797846,Outgoing:ToolDamageObject,INFO Instance: ToolDamageObject (RemoteFunction)
	Path: game:GetService("ReplicatedStorage").RemoteEvents.ToolDamageObject
	Call Order In Log: 2
	-------------------- Event Data --------------------
	{
    CallOrderInLog = 2,
    DataFromHook = {
        Function = function(arg1, arg2, arg3, arg4)
            -- Name: Anonymous Function | Line: 1
            -- Upvalues: 7
            -- Function Hash: d36683820f579f86a3a0e27e666d4428bbd3eb21b88b11b19df0f89ed73049bff56997c14deac3145303621463f49170
            -- LuaEncode: Unable to serialize function
            return
        end,
        Arguments = {
            workspace.Characters:GetChildren()[3],
            game:GetService("Players").LocalPlayer.Inventory["Old Axe"],
            "30_8401342884",
            CFrame.new(7.9234337806702, 3.9999997615814, 3.2171726226807, -0.13029955327511, 0, 0.99147468805313, 0, 1, 0, -0.99147468805313, 0, -0.13029955327511),
            n = 4
        },
        Source = "",
        Origin = GetNil("Script", "0_647390"),
        IsExecutor = true,
        CreationTime = 1769428331.7552,
        Line = 1
    },
    EventType = "Outgoing",
    RemoteInstanceInfo = {
        Path = "game:GetService(\"ReplicatedStorage\").RemoteEvents.ToolDamageObject",
        Name = "ToolDamageObject",
        ClassName = "RemoteFunction"
    }
}
	-------------------- Generated Code --------------------
	-- This code was generated by Cobalt
-- https://github.com/notpoiu/cobalt

local Event = game:GetService("ReplicatedStorage").RemoteEvents.ToolDamageObject
Event:InvokeServer(
    workspace.Characters:GetChildren()[3],
    game:GetService("Players").LocalPlayer.Inventory["Old Axe"],
    "30_8401342884",
    CFrame.new(7.9234337806702, 3.9999997615814, 3.2171726226807, -0.13029955327511, 0, 0.99147468805313, 0, 1, 0, -0.99147468805313, 0, -0.13029955327511)
)
2026-01-26T04:52:110.914Z,11.834626,Outgoing:ToolDamageObject,INFO Instance: ToolDamageObject (RemoteFunction)
	Path: game:GetService("ReplicatedStorage").RemoteEvents.ToolDamageObject
	Call Order In Log: 3
	-------------------- Event Data --------------------
	{
    CallOrderInLog = 3,
    DataFromHook = {
        Function = function(arg1, arg2, arg3, arg4)
            -- Name: Anonymous Function | Line: 1
            -- Upvalues: 7
            -- Function Hash: d36683820f579f86a3a0e27e666d4428bbd3eb21b88b11b19df0f89ed73049bff56997c14deac3145303621463f49170
            -- LuaEncode: Unable to serialize function
            return
        end,
        Arguments = {
            workspace.Characters:GetChildren()[4],
            game:GetService("Players").LocalPlayer.Inventory["Old Axe"],
            "30_8401342884",
            CFrame.new(7.9234337806702, 3.9999997615814, 3.2171726226807, -0.13029955327511, 0, 0.99147468805313, 0, 1, 0, -0.99147468805313, 0, -0.13029955327511),
            n = 4
        },
        Source = "",
        Origin = GetNil("Script", "0_647390"),
        IsExecutor = true,
        CreationTime = 1769428331.7561,
        Line = 1
    },
    EventType = "Outgoing",
    RemoteInstanceInfo = {
        Path = "game:GetService(\"ReplicatedStorage\").RemoteEvents.ToolDamageObject",
        Name = "ToolDamageObject",
        ClassName = "RemoteFunction"
    }
}
	-------------------- Generated Code --------------------
	-- This code was generated by Cobalt
-- https://github.com/notpoiu/cobalt

local Event = game:GetService("ReplicatedStorage").RemoteEvents.ToolDamageObject
Event:InvokeServer(
    workspace.Characters:GetChildren()[4],
    game:GetService("Players").LocalPlayer.Inventory["Old Axe"],
    "30_8401342884",
    CFrame.new(7.9234337806702, 3.9999997615814, 3.2171726226807, -0.13029955327511, 0, 0.99147468805313, 0, 1, 0, -0.99147468805313, 0, -0.13029955327511)
)
2026-01-26T04:52:110.951Z,11.871293,Outgoing:ToolDamageObject,INFO Instance: ToolDamageObject (RemoteFunction)
	Path: game:GetService("ReplicatedStorage").RemoteEvents.ToolDamageObject
	Call Order In Log: 4
	-------------------- Event Data --------------------
	{
    CallOrderInLog = 4,
    DataFromHook = {
        Function = function(arg1, arg2, arg3, arg4)
            -- Name: Anonymous Function | Line: 1
            -- Upvalues: 7
            -- Function Hash: d36683820f579f86a3a0e27e666d4428bbd3eb21b88b11b19df0f89ed73049bff56997c14deac3145303621463f49170
            -- LuaEncode: Unable to serialize function
            return
        end,
        Arguments = {
            workspace.Characters:GetChildren()[5],
            game:GetService("Players").LocalPlayer.Inventory["Old Axe"],
            "30_8401342884",
            CFrame.new(7.9234337806702, 3.9999997615814, 3.2171726226807, -0.13029955327511, 0, 0.99147468805313, 0, 1, 0, -0.99147468805313, 0, -0.13029955327511),
            n = 4
        },
        Source = "",
        Origin = GetNil("Script", "0_647390"),
        IsExecutor = true,
        CreationTime = 1769428331.7569,
        Line = 1
    },
    EventType = "Outgoing",
    RemoteInstanceInfo = {
        Path = "game:GetService(\"ReplicatedStorage\").RemoteEvents.ToolDamageObject",
        Name = "ToolDamageObject",
        ClassName = "RemoteFunction"
    }
}
	-------------------- Generated Code --------------------
	-- This code was generated by Cobalt
-- https://github.com/notpoiu/cobalt

local Event = game:GetService("ReplicatedStorage").RemoteEvents.ToolDamageObject
Event:InvokeServer(
    workspace.Characters:GetChildren()[5],
    game:GetService("Players").LocalPlayer.Inventory["Old Axe"],
    "30_8401342884",
    CFrame.new(7.9234337806702, 3.9999997615814, 3.2171726226807, -0.13029955327511, 0, 0.99147468805313, 0, 1, 0, -0.99147468805313, 0, -0.13029955327511)
)
2026-01-26T04:52:110.988Z,11.908423,Outgoing:ToolDamageObject,INFO Instance: ToolDamageObject (RemoteFunction)
	Path: game:GetService("ReplicatedStorage").RemoteEvents.ToolDamageObject
	Call Order In Log: 5
	-------------------- Event Data --------------------
	{
    CallOrderInLog = 5,
    DataFromHook = {
        Function = function(arg1, arg2, arg3, arg4)
            -- Name: Anonymous Function | Line: 1
            -- Upvalues: 7
            -- Function Hash: d36683820f579f86a3a0e27e666d4428bbd3eb21b88b11b19df0f89ed73049bff56997c14deac3145303621463f49170
            -- LuaEncode: Unable to serialize function
            return
        end,
        Arguments = {
            workspace.Characters:GetChildren()[6],
            game:GetService("Players").LocalPlayer.Inventory["Old Axe"],
            "30_8401342884",
            CFrame.new(7.9234337806702, 3.9999997615814, 3.2171726226807, -0.13029955327511, 0, 0.99147468805313, 0, 1, 0, -0.99147468805313, 0, -0.13029955327511),
            n = 4
        },
        Source = "",
        Origin = GetNil("Script", "0_647390"),
        IsExecutor = true,
        CreationTime = 1769428331.7579,
        Line = 1
    },
    EventType = "Outgoing",
    RemoteInstanceInfo = {
        Path = "game:GetService(\"ReplicatedStorage\").RemoteEvents.ToolDamageObject",
        Name = "ToolDamageObject",
        ClassName = "RemoteFunction"
    }
}
	-------------------- Generated Code --------------------
	-- This code was generated by Cobalt
-- https://github.com/notpoiu/cobalt

local Event = game:GetService("ReplicatedStorage").RemoteEvents.ToolDamageObject
Event:InvokeServer(
    workspace.Characters:GetChildren()[6],
    game:GetService("Players").LocalPlayer.Inventory["Old Axe"],
    "30_8401342884",
    CFrame.new(7.9234337806702, 3.9999997615814, 3.2171726226807, -0.13029955327511, 0, 0.99147468805313, 0, 1, 0, -0.99147468805313, 0, -0.13029955327511)
)
2026-01-26T04:52:120.022Z,11.942168,Outgoing:ToolDamageObject,INFO Instance: ToolDamageObject (RemoteFunction)
	Path: game:GetService("ReplicatedStorage").RemoteEvents.ToolDamageObject
	Call Order In Log: 6
	-------------------- Event Data --------------------
	{
    CallOrderInLog = 6,
    DataFromHook = {
        Function = function(arg1, arg2, arg3, arg4)
            -- Name: Anonymous Function | Line: 1
            -- Upvalues: 7
            -- Function Hash: d36683820f579f86a3a0e27e666d4428bbd3eb21b88b11b19df0f89ed73049bff56997c14deac3145303621463f49170
            -- LuaEncode: Unable to serialize function
            return
        end,
        Arguments = {
            workspace.Characters:GetChildren()[25],
            game:GetService("Players").LocalPlayer.Inventory["Old Axe"],
            "30_8401342884",
            CFrame.new(7.9234337806702, 3.9999997615814, 3.2171726226807, -0.13029955327511, 0, 0.99147468805313, 0, 1, 0, -0.99147468805313, 0, -0.13029955327511),
            n = 4
        },
        Source = "",
        Origin = GetNil("Script", "0_647390"),
        IsExecutor = true,
        CreationTime = 1769428331.7657,
        Line = 1
    },
    EventType = "Outgoing",
    RemoteInstanceInfo = {
        Path = "game:GetService(\"ReplicatedStorage\").RemoteEvents.ToolDamageObject",
        Name = "ToolDamageObject",
        ClassName = "RemoteFunction"
    }
}
	-------------------- Generated Code --------------------
	-- This code was generated by Cobalt
-- https://github.com/notpoiu/cobalt

local Event = game:GetService("ReplicatedStorage").RemoteEvents.ToolDamageObject
Event:InvokeServer(
    workspace.Characters:GetChildren()[25],
    game:GetService("Players").LocalPlayer.Inventory["Old Axe"],
    "30_8401342884",
    CFrame.new(7.9234337806702, 3.9999997615814, 3.2171726226807, -0.13029955327511, 0, 0.99147468805313, 0, 1, 0, -0.99147468805313, 0, -0.13029955327511)
)
2026-01-26T04:52:120.222Z,12.142338,Incoming:ToolDamageObject,INFO Instance: ToolDamageObject (RemoteFunction)
	Path: game:GetService("ReplicatedStorage").RemoteEvents.ToolDamageObject
	Call Order In Log: 1
	-------------------- Event Data --------------------
	{
    CallOrderInLog = 1,
    DataFromHook = {
        Function = function(arg1, arg2, arg3, arg4)
            -- Name: Anonymous Function | Line: 1
            -- Upvalues: 7
            -- Function Hash: 9817023038d66a010504dd8f76691d6e644be1461e0e5119421420f8e5bb268876c553ea6b1220f332026446165e8645
            -- LuaEncode: Unable to serialize function
            return
        end,
        Arguments = {
            n = 0
        },
        Source = "",
        Origin = GetNil("Script", "0_647390"),
        IsExecutor = true,
        CreationTime = 1769428332.1868,
        OriginalInvokeArgs = {
            workspace.Characters.Bunny,
            game:GetService("Players").LocalPlayer.Inventory["Old Axe"],
            "30_8401342884",
            CFrame.new(7.9234337806702, 3.9999997615814, 3.2171726226807, -0.13029955327511, 0, 0.99147468805313, 0, 1, 0, -0.99147468805313, 0, -0.13029955327511),
            n = 4
        },
        Line = 1
    },
    EventType = "Incoming",
    RemoteInstanceInfo = {
        Path = "game:GetService(\"ReplicatedStorage\").RemoteEvents.ToolDamageObject",
        Name = "ToolDamageObject",
        ClassName = "RemoteFunction"
    }
}
	-------------------- Generated Code --------------------
	-- This code was generated by Cobalt
-- https://github.com/notpoiu/cobalt

local Event = game:GetService("ReplicatedStorage").RemoteEvents.ToolDamageObject
local Result = Event:InvokeServer(
    workspace.Characters.Bunny,
    game:GetService("Players").LocalPlayer.Inventory["Old Axe"],
    "30_8401342884",
    CFrame.new(7.9234337806702, 3.9999997615814, 3.2171726226807, -0.13029955327511, 0, 0.99147468805313, 0, 1, 0, -0.99147468805313, 0, -0.13029955327511)
)

local ExpectedResult = table.unpack({})


2026-01-26T04:52:120.261Z,12.181767,Incoming:ToolDamageObject,INFO Instance: ToolDamageObject (RemoteFunction)
	Path: game:GetService("ReplicatedStorage").RemoteEvents.ToolDamageObject
	Call Order In Log: 2
	-------------------- Event Data --------------------
	{
    CallOrderInLog = 2,
    DataFromHook = {
        Function = function(arg1, arg2, arg3, arg4)
            -- Name: Anonymous Function | Line: 1
            -- Upvalues: 7
            -- Function Hash: 9817023038d66a010504dd8f76691d6e644be1461e0e5119421420f8e5bb268876c553ea6b1220f332026446165e8645
            -- LuaEncode: Unable to serialize function
            return
        end,
        Arguments = {
            n = 0
        },
        Source = "",
        Origin = GetNil("Script", "0_647390"),
        IsExecutor = true,
        CreationTime = 1769428332.187,
        OriginalInvokeArgs = {
            workspace.Characters:GetChildren()[3],
            game:GetService("Players").LocalPlayer.Inventory["Old Axe"],
            "30_8401342884",
            CFrame.new(7.9234337806702, 3.9999997615814, 3.2171726226807, -0.13029955327511, 0, 0.99147468805313, 0, 1, 0, -0.99147468805313, 0, -0.13029955327511),
            n = 4
        },
        Line = 1
    },
    EventType = "Incoming",
    RemoteInstanceInfo = {
        Path = "game:GetService(\"ReplicatedStorage\").RemoteEvents.ToolDamageObject",
        Name = "ToolDamageObject",
        ClassName = "RemoteFunction"
    }
}
	-------------------- Generated Code --------------------
	-- This code was generated by Cobalt
-- https://github.com/notpoiu/cobalt

local Event = game:GetService("ReplicatedStorage").RemoteEvents.ToolDamageObject
local Result = Event:InvokeServer(
    workspace.Characters:GetChildren()[3],
    game:GetService("Players").LocalPlayer.Inventory["Old Axe"],
    "30_8401342884",
    CFrame.new(7.9234337806702, 3.9999997615814, 3.2171726226807, -0.13029955327511, 0, 0.99147468805313, 0, 1, 0, -0.99147468805313, 0, -0.13029955327511)
)

local ExpectedResult = table.unpack({})


2026-01-26T04:52:120.297Z,12.217631,Incoming:ToolDamageObject,INFO Instance: ToolDamageObject (RemoteFunction)
	Path: game:GetService("ReplicatedStorage").RemoteEvents.ToolDamageObject
	Call Order In Log: 3
	-------------------- Event Data --------------------
	{
    CallOrderInLog = 3,
    DataFromHook = {
        Function = function(arg1, arg2, arg3, arg4)
            -- Name: Anonymous Function | Line: 1
            -- Upvalues: 7
            -- Function Hash: 9817023038d66a010504dd8f76691d6e644be1461e0e5119421420f8e5bb268876c553ea6b1220f332026446165e8645
            -- LuaEncode: Unable to serialize function
            return
        end,
        Arguments = {
            n = 0
        },
        Source = "",
        Origin = GetNil("Script", "0_647390"),
        IsExecutor = true,
        CreationTime = 1769428332.1871,
        OriginalInvokeArgs = {
            workspace.Characters:GetChildren()[4],
            game:GetService("Players").LocalPlayer.Inventory["Old Axe"],
            "30_8401342884",
            CFrame.new(7.9234337806702, 3.9999997615814, 3.2171726226807, -0.13029955327511, 0, 0.99147468805313, 0, 1, 0, -0.99147468805313, 0, -0.13029955327511),
            n = 4
        },
        Line = 1
    },
    EventType = "Incoming",
    RemoteInstanceInfo = {
        Path = "game:GetService(\"ReplicatedStorage\").RemoteEvents.ToolDamageObject",
        Name = "ToolDamageObject",
        ClassName = "RemoteFunction"
    }
}
	-------------------- Generated Code --------------------
	-- This code was generated by Cobalt
-- https://github.com/notpoiu/cobalt

local Event = game:GetService("ReplicatedStorage").RemoteEvents.ToolDamageObject
local Result = Event:InvokeServer(
    workspace.Characters:GetChildren()[4],
    game:GetService("Players").LocalPlayer.Inventory["Old Axe"],
    "30_8401342884",
    CFrame.new(7.9234337806702, 3.9999997615814, 3.2171726226807, -0.13029955327511, 0, 0.99147468805313, 0, 1, 0, -0.99147468805313, 0, -0.13029955327511)
)

local ExpectedResult = table.unpack({})


2026-01-26T04:52:120.330Z,12.250731,Incoming:ToolDamageObject,INFO Instance: ToolDamageObject (RemoteFunction)
	Path: game:GetService("ReplicatedStorage").RemoteEvents.ToolDamageObject
	Call Order In Log: 4
	-------------------- Event Data --------------------
	{
    CallOrderInLog = 4,
    DataFromHook = {
        Function = function(arg1, arg2, arg3, arg4)
            -- Name: Anonymous Function | Line: 1
            -- Upvalues: 7
            -- Function Hash: 9817023038d66a010504dd8f76691d6e644be1461e0e5119421420f8e5bb268876c553ea6b1220f332026446165e8645
            -- LuaEncode: Unable to serialize function
            return
        end,
        Arguments = {
            n = 0
        },
        Source = "",
        Origin = GetNil("Script", "0_647390"),
        IsExecutor = true,
        CreationTime = 1769428332.1872,
        OriginalInvokeArgs = {
            workspace.Characters:GetChildren()[5],
            game:GetService("Players").LocalPlayer.Inventory["Old Axe"],
            "30_8401342884",
            CFrame.new(7.9234337806702, 3.9999997615814, 3.2171726226807, -0.13029955327511, 0, 0.99147468805313, 0, 1, 0, -0.99147468805313, 0, -0.13029955327511),
            n = 4
        },
        Line = 1
    },
    EventType = "Incoming",
    RemoteInstanceInfo = {
        Path = "game:GetService(\"ReplicatedStorage\").RemoteEvents.ToolDamageObject",
        Name = "ToolDamageObject",
        ClassName = "RemoteFunction"
    }
}
	-------------------- Generated Code --------------------
	-- This code was generated by Cobalt
-- https://github.com/notpoiu/cobalt

local Event = game:GetService("ReplicatedStorage").RemoteEvents.ToolDamageObject
local Result = Event:InvokeServer(
    workspace.Characters:GetChildren()[5],
    game:GetService("Players").LocalPlayer.Inventory["Old Axe"],
    "30_8401342884",
    CFrame.new(7.9234337806702, 3.9999997615814, 3.2171726226807, -0.13029955327511, 0, 0.99147468805313, 0, 1, 0, -0.99147468805313, 0, -0.13029955327511)
)

local ExpectedResult = table.unpack({})


2026-01-26T04:52:120.360Z,12.280125,Incoming:ToolDamageObject,INFO Instance: ToolDamageObject (RemoteFunction)
	Path: game:GetService("ReplicatedStorage").RemoteEvents.ToolDamageObject
	Call Order In Log: 5
	-------------------- Event Data --------------------
	{
    CallOrderInLog = 5,
    DataFromHook = {
        Function = function(arg1, arg2, arg3, arg4)
            -- Name: Anonymous Function | Line: 1
            -- Upvalues: 7
            -- Function Hash: 9817023038d66a010504dd8f76691d6e644be1461e0e5119421420f8e5bb268876c553ea6b1220f332026446165e8645
            -- LuaEncode: Unable to serialize function
            return
        end,
        Arguments = {
            n = 0
        },
        Source = "",
        Origin = GetNil("Script", "0_647390"),
        IsExecutor = true,
        CreationTime = 1769428332.1873,
        OriginalInvokeArgs = {
            workspace.Characters:GetChildren()[6],
            game:GetService("Players").LocalPlayer.Inventory["Old Axe"],
            "30_8401342884",
            CFrame.new(7.9234337806702, 3.9999997615814, 3.2171726226807, -0.13029955327511, 0, 0.99147468805313, 0, 1, 0, -0.99147468805313, 0, -0.13029955327511),
            n = 4
        },
        Line = 1
    },
    EventType = "Incoming",
    RemoteInstanceInfo = {
        Path = "game:GetService(\"ReplicatedStorage\").RemoteEvents.ToolDamageObject",
        Name = "ToolDamageObject",
        ClassName = "RemoteFunction"
    }
}
	-------------------- Generated Code --------------------
	-- This code was generated by Cobalt
-- https://github.com/notpoiu/cobalt

local Event = game:GetService("ReplicatedStorage").RemoteEvents.ToolDamageObject
local Result = Event:InvokeServer(
    workspace.Characters:GetChildren()[6],
    game:GetService("Players").LocalPlayer.Inventory["Old Axe"],
    "30_8401342884",
    CFrame.new(7.9234337806702, 3.9999997615814, 3.2171726226807, -0.13029955327511, 0, 0.99147468805313, 0, 1, 0, -0.99147468805313, 0, -0.13029955327511)
)

local ExpectedResult = table.unpack({})


2026-01-26T04:52:120.395Z,12.315165,Incoming:ToolDamageObject,INFO Instance: ToolDamageObject (RemoteFunction)
	Path: game:GetService("ReplicatedStorage").RemoteEvents.ToolDamageObject
	Call Order In Log: 6
	-------------------- Event Data --------------------
	{
    CallOrderInLog = 6,
    DataFromHook = {
        Function = function(arg1, arg2, arg3, arg4)
            -- Name: Anonymous Function | Line: 1
            -- Upvalues: 7
            -- Function Hash: 9817023038d66a010504dd8f76691d6e644be1461e0e5119421420f8e5bb268876c553ea6b1220f332026446165e8645
            -- LuaEncode: Unable to serialize function
            return
        end,
        Arguments = {
            n = 0
        },
        Source = "",
        Origin = GetNil("Script", "0_647390"),
        IsExecutor = true,
        CreationTime = 1769428332.1874,
        OriginalInvokeArgs = {
            workspace.Characters:GetChildren()[25],
            game:GetService("Players").LocalPlayer.Inventory["Old Axe"],
            "30_8401342884",
            CFrame.new(7.9234337806702, 3.9999997615814, 3.2171726226807, -0.13029955327511, 0, 0.99147468805313, 0, 1, 0, -0.99147468805313, 0, -0.13029955327511),
            n = 4
        },
        Line = 1
    },
    EventType = "Incoming",
    RemoteInstanceInfo = {
        Path = "game:GetService(\"ReplicatedStorage\").RemoteEvents.ToolDamageObject",
        Name = "ToolDamageObject",
        ClassName = "RemoteFunction"
    }
}
	-------------------- Generated Code --------------------
	-- This code was generated by Cobalt
-- https://github.com/notpoiu/cobalt

local Event = game:GetService("ReplicatedStorage").RemoteEvents.ToolDamageObject
local Result = Event:InvokeServer(
    workspace.Characters:GetChildren()[25],
    game:GetService("Players").LocalPlayer.Inventory["Old Axe"],
    "30_8401342884",
    CFrame.new(7.9234337806702, 3.9999997615814, 3.2171726226807, -0.13029955327511, 0, 0.99147468805313, 0, 1, 0, -0.99147468805313, 0, -0.13029955327511)
)

local ExpectedResult = table.unpack({})


2026-01-26T04:52:120.469Z,12.389877,Outgoing:ToolDamageObject,INFO Instance: ToolDamageObject (RemoteFunction)
	Path: game:GetService("ReplicatedStorage").RemoteEvents.ToolDamageObject
	Call Order In Log: 7
	-------------------- Event Data --------------------
	{
    CallOrderInLog = 7,
    DataFromHook = {
        Function = function(arg1, arg2, arg3, arg4)
            -- Name: Anonymous Function | Line: 1
            -- Upvalues: 7
            -- Function Hash: 9817023038d66a010504dd8f76691d6e644be1461e0e5119421420f8e5bb268876c553ea6b1220f332026446165e8645
            -- LuaEncode: Unable to serialize function
            return
        end,
        Arguments = {
            workspace.Characters.Bunny,
            game:GetService("Players").LocalPlayer.Inventory["Old Axe"],
            "30_8401342884",
            CFrame.new(7.9234337806702, 3.9999997615814, 3.2171726226807, -0.13029955327511, 0, 0.99147468805313, 0, 1, 0, -0.99147468805313, 0, -0.13029955327511),
            n = 4
        },
        Source = "",
        Origin = GetNil("Script", "0_647390"),
        IsExecutor = true,
        CreationTime = 1769428332.4131,
        Line = 1
    },
    EventType = "Outgoing",
    RemoteInstanceInfo = {
        Path = "game:GetService(\"ReplicatedStorage\").RemoteEvents.ToolDamageObject",
        Name = "ToolDamageObject",
        ClassName = "RemoteFunction"
    }
}
	-------------------- Generated Code --------------------
	-- This code was generated by Cobalt
-- https://github.com/notpoiu/cobalt

local Event = game:GetService("ReplicatedStorage").RemoteEvents.ToolDamageObject
Event:InvokeServer(
    workspace.Characters.Bunny,
    game:GetService("Players").LocalPlayer.Inventory["Old Axe"],
    "30_8401342884",
    CFrame.new(7.9234337806702, 3.9999997615814, 3.2171726226807, -0.13029955327511, 0, 0.99147468805313, 0, 1, 0, -0.99147468805313, 0, -0.13029955327511)
)
2026-01-26T04:52:120.515Z,12.435216,Outgoing:ToolDamageObject,INFO Instance: ToolDamageObject (RemoteFunction)
	Path: game:GetService("ReplicatedStorage").RemoteEvents.ToolDamageObject
	Call Order In Log: 8
	-------------------- Event Data --------------------
	{
    CallOrderInLog = 8,
    DataFromHook = {
        Function = function(arg1, arg2, arg3, arg4)
            -- Name: Anonymous Function | Line: 1
            -- Upvalues: 7
            -- Function Hash: 9817023038d66a010504dd8f76691d6e644be1461e0e5119421420f8e5bb268876c553ea6b1220f332026446165e8645
            -- LuaEncode: Unable to serialize function
            return
        end,
        Arguments = {
            workspace.Characters:GetChildren()[3],
            game:GetService("Players").LocalPlayer.Inventory["Old Axe"],
            "30_8401342884",
            CFrame.new(7.9234337806702, 3.9999997615814, 3.2171726226807, -0.13029955327511, 0, 0.99147468805313, 0, 1, 0, -0.99147468805313, 0, -0.13029955327511),
            n = 4
        },
        Source = "",
        Origin = GetNil("Script", "0_647390"),
        IsExecutor = true,
        CreationTime = 1769428332.4145,
        Line = 1
    },
    EventType = "Outgoing",
    RemoteInstanceInfo = {
        Path = "game:GetService(\"ReplicatedStorage\").RemoteEvents.ToolDamageObject",
        Name = "ToolDamageObject",
        ClassName = "RemoteFunction"
    }
}
	-------------------- Generated Code --------------------
	-- This code was generated by Cobalt
-- https://github.com/notpoiu/cobalt

local Event = game:GetService("ReplicatedStorage").RemoteEvents.ToolDamageObject
Event:InvokeServer(
    workspace.Characters:GetChildren()[3],
    game:GetService("Players").LocalPlayer.Inventory["Old Axe"],
    "30_8401342884",
    CFrame.new(7.9234337806702, 3.9999997615814, 3.2171726226807, -0.13029955327511, 0, 0.99147468805313, 0, 1, 0, -0.99147468805313, 0, -0.13029955327511)
)
2026-01-26T04:52:120.552Z,12.471995,Outgoing:ToolDamageObject,INFO Instance: ToolDamageObject (RemoteFunction)
	Path: game:GetService("ReplicatedStorage").RemoteEvents.ToolDamageObject
	Call Order In Log: 9
	-------------------- Event Data --------------------
	{
    CallOrderInLog = 9,
    DataFromHook = {
        Function = function(arg1, arg2, arg3, arg4)
            -- Name: Anonymous Function | Line: 1
            -- Upvalues: 7
            -- Function Hash: 9817023038d66a010504dd8f76691d6e644be1461e0e5119421420f8e5bb268876c553ea6b1220f332026446165e8645
            -- LuaEncode: Unable to serialize function
            return
        end,
        Arguments = {
            workspace.Characters:GetChildren()[4],
            game:GetService("Players").LocalPlayer.Inventory["Old Axe"],
            "30_8401342884",
            CFrame.new(7.9234337806702, 3.9999997615814, 3.2171726226807, -0.13029955327511, 0, 0.99147468805313, 0, 1, 0, -0.99147468805313, 0, -0.13029955327511),
            n = 4
        },
        Source = "",
        Origin = GetNil("Script", "0_647390"),
        IsExecutor = true,
        CreationTime = 1769428332.4151,
        Line = 1
    },
    EventType = "Outgoing",
    RemoteInstanceInfo = {
        Path = "game:GetService(\"ReplicatedStorage\").RemoteEvents.ToolDamageObject",
        Name = "ToolDamageObject",
        ClassName = "RemoteFunction"
    }
}
	-------------------- Generated Code --------------------
	-- This code was generated by Cobalt
-- https://github.com/notpoiu/cobalt

local Event = game:GetService("ReplicatedStorage").RemoteEvents.ToolDamageObject
Event:InvokeServer(
    workspace.Characters:GetChildren()[4],
    game:GetService("Players").LocalPlayer.Inventory["Old Axe"],
    "30_8401342884",
    CFrame.new(7.9234337806702, 3.9999997615814, 3.2171726226807, -0.13029955327511, 0, 0.99147468805313, 0, 1, 0, -0.99147468805313, 0, -0.13029955327511)
)
2026-01-26T04:52:120.590Z,12.510748,Outgoing:ToolDamageObject,INFO Instance: ToolDamageObject (RemoteFunction)
	Path: game:GetService("ReplicatedStorage").RemoteEvents.ToolDamageObject
	Call Order In Log: 10
	-------------------- Event Data --------------------
	{
    CallOrderInLog = 10,
    DataFromHook = {
        Function = function(arg1, arg2, arg3, arg4)
            -- Name: Anonymous Function | Line: 1
            -- Upvalues: 7
            -- Function Hash: 9817023038d66a010504dd8f76691d6e644be1461e0e5119421420f8e5bb268876c553ea6b1220f332026446165e8645
            -- LuaEncode: Unable to serialize function
            return
        end,
        Arguments = {
            workspace.Characters:GetChildren()[5],
            game:GetService("Players").LocalPlayer.Inventory["Old Axe"],
            "30_8401342884",
            CFrame.new(7.9234337806702, 3.9999997615814, 3.2171726226807, -0.13029955327511, 0, 0.99147468805313, 0, 1, 0, -0.99147468805313, 0, -0.13029955327511),
            n = 4
        },
        Source = "",
        Origin = GetNil("Script", "0_647390"),
        IsExecutor = true,
        CreationTime = 1769428332.4156,
        Line = 1
    },
    EventType = "Outgoing",
    RemoteInstanceInfo = {
        Path = "game:GetService(\"ReplicatedStorage\").RemoteEvents.ToolDamageObject",
        Name = "ToolDamageObject",
        ClassName = "RemoteFunction"
    }
}
	-------------------- Generated Code --------------------
	-- This code was generated by Cobalt
-- https://github.com/notpoiu/cobalt

local Event = game:GetService("ReplicatedStorage").RemoteEvents.ToolDamageObject
Event:InvokeServer(
    workspace.Characters:GetChildren()[5],
    game:GetService("Players").LocalPlayer.Inventory["Old Axe"],
    "30_8401342884",
    CFrame.new(7.9234337806702, 3.9999997615814, 3.2171726226807, -0.13029955327511, 0, 0.99147468805313, 0, 1, 0, -0.99147468805313, 0, -0.13029955327511)
)
2026-01-26T04:52:120.630Z,12.550127,Outgoing:ToolDamageObject,INFO Instance: ToolDamageObject (RemoteFunction)
	Path: game:GetService("ReplicatedStorage").RemoteEvents.ToolDamageObject
	Call Order In Log: 11
	-------------------- Event Data --------------------
	{
    CallOrderInLog = 11,
    DataFromHook = {
        Function = function(arg1, arg2, arg3, arg4)
            -- Name: Anonymous Function | Line: 1
            -- Upvalues: 7
            -- Function Hash: 9817023038d66a010504dd8f76691d6e644be1461e0e5119421420f8e5bb268876c553ea6b1220f332026446165e8645
            -- LuaEncode: Unable to serialize function
            return
        end,
        Arguments = {
            workspace.Characters:GetChildren()[6],
            game:GetService("Players").LocalPlayer.Inventory["Old Axe"],
            "30_8401342884",
            CFrame.new(7.9234337806702, 3.9999997615814, 3.2171726226807, -0.13029955327511, 0, 0.99147468805313, 0, 1, 0, -0.99147468805313, 0, -0.13029955327511),
            n = 4
        },
        Source = "",
        Origin = GetNil("Script", "0_647390"),
        IsExecutor = true,
        CreationTime = 1769428332.416,
        Line = 1
    },
    EventType = "Outgoing",
    RemoteInstanceInfo = {
        Path = "game:GetService(\"ReplicatedStorage\").RemoteEvents.ToolDamageObject",
        Name = "ToolDamageObject",
        ClassName = "RemoteFunction"
    }
}
	-------------------- Generated Code --------------------
	-- This code was generated by Cobalt
-- https://github.com/notpoiu/cobalt

local Event = game:GetService("ReplicatedStorage").RemoteEvents.ToolDamageObject
Event:InvokeServer(
    workspace.Characters:GetChildren()[6],
    game:GetService("Players").LocalPlayer.Inventory["Old Axe"],
    "30_8401342884",
    CFrame.new(7.9234337806702, 3.9999997615814, 3.2171726226807, -0.13029955327511, 0, 0.99147468805313, 0, 1, 0, -0.99147468805313, 0, -0.13029955327511)
)
2026-01-26T04:52:120.667Z,12.587940,Outgoing:ToolDamageObject,INFO Instance: ToolDamageObject (RemoteFunction)
	Path: game:GetService("ReplicatedStorage").RemoteEvents.ToolDamageObject
	Call Order In Log: 12
	-------------------- Event Data --------------------
	{
    CallOrderInLog = 12,
    DataFromHook = {
        Function = function(arg1, arg2, arg3, arg4)
            -- Name: Anonymous Function | Line: 1
            -- Upvalues: 7
            -- Function Hash: 9817023038d66a010504dd8f76691d6e644be1461e0e5119421420f8e5bb268876c553ea6b1220f332026446165e8645
            -- LuaEncode: Unable to serialize function
            return
        end,
        Arguments = {
            workspace.Characters:GetChildren()[25],
            game:GetService("Players").LocalPlayer.Inventory["Old Axe"],
            "30_8401342884",
            CFrame.new(7.9234337806702, 3.9999997615814, 3.2171726226807, -0.13029955327511, 0, 0.99147468805313, 0, 1, 0, -0.99147468805313, 0, -0.13029955327511),
            n = 4
        },
        Source = "",
        Origin = GetNil("Script", "0_647390"),
        IsExecutor = true,
        CreationTime = 1769428332.4225,
        Line = 1
    },
    EventType = "Outgoing",
    RemoteInstanceInfo = {
        Path = "game:GetService(\"ReplicatedStorage\").RemoteEvents.ToolDamageObject",
        Name = "ToolDamageObject",
        ClassName = "RemoteFunction"
    }
}
	-------------------- Generated Code --------------------
	-- This code was generated by Cobalt
-- https://github.com/notpoiu/cobalt

local Event = game:GetService("ReplicatedStorage").RemoteEvents.ToolDamageObject
Event:InvokeServer(
    workspace.Characters:GetChildren()[25],
    game:GetService("Players").LocalPlayer.Inventory["Old Axe"],
    "30_8401342884",
    CFrame.new(7.9234337806702, 3.9999997615814, 3.2171726226807, -0.13029955327511, 0, 0.99147468805313, 0, 1, 0, -0.99147468805313, 0, -0.13029955327511)
)
2026-01-26T04:52:120.896Z,12.816643,Incoming:ToolDamageObject,INFO Instance: ToolDamageObject (RemoteFunction)
	Path: game:GetService("ReplicatedStorage").RemoteEvents.ToolDamageObject
	Call Order In Log: 7
	-------------------- Event Data --------------------
	{
    CallOrderInLog = 7,
    DataFromHook = {
        Function = function(arg1, arg2, arg3, arg4)
            -- Name: Anonymous Function | Line: 1
            -- Upvalues: 7
            -- Function Hash: 9817023038d66a010504dd8f76691d6e644be1461e0e5119421420f8e5bb268876c553ea6b1220f332026446165e8645
            -- LuaEncode: Unable to serialize function
            return
        end,
        Arguments = {
            n = 0
        },
        Source = "",
        Origin = GetNil("Script", "0_647390"),
        IsExecutor = true,
        CreationTime = 1769428332.8203,
        OriginalInvokeArgs = {
            workspace.Characters.Bunny,
            game:GetService("Players").LocalPlayer.Inventory["Old Axe"],
            "30_8401342884",
            CFrame.new(7.9234337806702, 3.9999997615814, 3.2171726226807, -0.13029955327511, 0, 0.99147468805313, 0, 1, 0, -0.99147468805313, 0, -0.13029955327511),
            n = 4
        },
        Line = 1
    },
    EventType = "Incoming",
    RemoteInstanceInfo = {
        Path = "game:GetService(\"ReplicatedStorage\").RemoteEvents.ToolDamageObject",
        Name = "ToolDamageObject",
        ClassName = "RemoteFunction"
    }
}
	-------------------- Generated Code --------------------
	-- This code was generated by Cobalt
-- https://github.com/notpoiu/cobalt

local Event = game:GetService("ReplicatedStorage").RemoteEvents.ToolDamageObject
local Result = Event:InvokeServer(
    workspace.Characters.Bunny,
    game:GetService("Players").LocalPlayer.Inventory["Old Axe"],
    "30_8401342884",
    CFrame.new(7.9234337806702, 3.9999997615814, 3.2171726226807, -0.13029955327511, 0, 0.99147468805313, 0, 1, 0, -0.99147468805313, 0, -0.13029955327511)
)

local ExpectedResult = table.unpack({})


2026-01-26T04:52:120.936Z,12.856525,Incoming:ToolDamageObject,INFO Instance: ToolDamageObject (RemoteFunction)
	Path: game:GetService("ReplicatedStorage").RemoteEvents.ToolDamageObject
	Call Order In Log: 8
	-------------------- Event Data --------------------
	{
    CallOrderInLog = 8,
    DataFromHook = {
        Function = function(arg1, arg2, arg3, arg4)
            -- Name: Anonymous Function | Line: 1
            -- Upvalues: 7
            -- Function Hash: 9817023038d66a010504dd8f76691d6e644be1461e0e5119421420f8e5bb268876c553ea6b1220f332026446165e8645
            -- LuaEncode: Unable to serialize function
            return
        end,
        Arguments = {
            n = 0
        },
        Source = "",
        Origin = GetNil("Script", "0_647390"),
        IsExecutor = true,
        CreationTime = 1769428332.8208,
        OriginalInvokeArgs = {
            workspace.Characters:GetChildren()[3],
            game:GetService("Players").LocalPlayer.Inventory["Old Axe"],
            "30_8401342884",
