2026-01-26T05:01:310.530Z,0.416913,Logger,INFO Logger initialized
2026-01-26T05:01:460.435Z,15.321641,Outgoing:AnalyticsTimeFirstPerson,INFO Instance: AnalyticsTimeFirstPerson (RemoteEvent)
	Path: game:GetService("ReplicatedStorage").RemoteEvents.AnalyticsTimeFirstPerson
	Call Order In Log: 1
	-------------------- Event Data --------------------
	{
    CallOrderInLog = 1,
    DataFromHook = {
        Function = function(arg1, ...)
            -- Name: FireServer | Line: 73
            -- Upvalues: 0
            -- Function Hash: 0964d4db3620af7664d7691f2a0d6525cadad9e743dddbc8c8415c8693560d8fdc0bfd0527b9d0fed74c7c01165b820d
            -- LuaEncode: Unable to serialize function
            return
        end,
        Arguments = {
            0,
            60,
            n = 2
        },
        Source = "Players.nsopnet.PlayerScripts.Client.UtilityModules.Events",
        Origin = game:GetService("Players").LocalPlayer.PlayerScripts.LoadClient,
        IsExecutor = false,
        CreationTime = 1769428906.4288,
        Line = 75
    },
    EventType = "Outgoing",
    RemoteInstanceInfo = {
        Path = "game:GetService(\"ReplicatedStorage\").RemoteEvents.AnalyticsTimeFirstPerson",
        Name = "AnalyticsTimeFirstPerson",
        ClassName = "RemoteEvent"
    }
}
	-------------------- Generated Code --------------------
	-- This code was generated by Cobalt
-- https://github.com/notpoiu/cobalt

local Event = game:GetService("ReplicatedStorage").RemoteEvents.AnalyticsTimeFirstPerson
Event:FireServer(
    0,
    60
)
2026-01-26T05:02:100.494Z,39.380774,Outgoing:EquipItemHandle,INFO Instance: EquipItemHandle (RemoteEvent)
	Path: game:GetService("ReplicatedStorage").RemoteEvents.EquipItemHandle
	Call Order In Log: 1
	-------------------- Event Data --------------------
	{
    CallOrderInLog = 1,
    DataFromHook = {
        Function = function(arg1, ...)
            -- Name: FireOtherClients | Line: 89
            -- Upvalues: 0
            -- Function Hash: aa39ac63239108cfa21a4866f294cdc519399c76890294f5fe74daded1530f5b406c3a843a850c1edfeafb6b0328691f
            -- LuaEncode: Unable to serialize function
            return
        end,
        Arguments = {
            "FireAllClients",
            game:GetService("Players").LocalPlayer.Inventory["Old Axe"],
            n = 2
        },
        Source = "Players.nsopnet.PlayerScripts.Client.UtilityModules.Events",
        Origin = game:GetService("Players").LocalPlayer.PlayerScripts.LoadClient,
        IsExecutor = false,
        CreationTime = 1769428930.4778,
        Line = 91
    },
    EventType = "Outgoing",
    RemoteInstanceInfo = {
        Path = "game:GetService(\"ReplicatedStorage\").RemoteEvents.EquipItemHandle",
        Name = "EquipItemHandle",
        ClassName = "RemoteEvent"
    }
}
	-------------------- Generated Code --------------------
	-- This code was generated by Cobalt
-- https://github.com/notpoiu/cobalt

local Event = game:GetService("ReplicatedStorage").RemoteEvents.EquipItemHandle
Event:FireServer(
    "FireAllClients",
    game:GetService("Players").LocalPlayer.Inventory["Old Axe"]
)
2026-01-26T05:02:140.734Z,43.620562,Outgoing:PlayEnemyHitSound,INFO Instance: PlayEnemyHitSound (RemoteEvent)
	Path: game:GetService("ReplicatedStorage").RemoteEvents.PlayEnemyHitSound
	Call Order In Log: 1
	-------------------- Event Data --------------------
	{
    CallOrderInLog = 1,
    DataFromHook = {
        Function = function(arg1, ...)
            -- Name: FireAllClients | Line: 97
            -- Upvalues: 1
            -- Function Hash: bbf90e5eda7419d4f880ab3d75e0efe52136d5f4c550bd02d8211b942ce51e002947250edcf1ac2425037a0e94abaf48
            -- LuaEncode: Unable to serialize function
            return
        end,
        Arguments = {
            "FireAllClients",
            workspace.Map.Foliage:GetChildren()[27],
            game:GetService("Players").LocalPlayer.Inventory["Old Axe"],
            n = 3
        },
        Source = "Players.nsopnet.PlayerScripts.Client.UtilityModules.Events",
        Origin = game:GetService("Players").LocalPlayer.PlayerScripts.LoadClient,
        IsExecutor = false,
        CreationTime = 1769428934.7216,
        Line = 101
    },
    EventType = "Outgoing",
    RemoteInstanceInfo = {
        Path = "game:GetService(\"ReplicatedStorage\").RemoteEvents.PlayEnemyHitSound",
        Name = "PlayEnemyHitSound",
        ClassName = "RemoteEvent"
    }
}
	-------------------- Generated Code --------------------
	-- This code was generated by Cobalt
-- https://github.com/notpoiu/cobalt

local Event = game:GetService("ReplicatedStorage").RemoteEvents.PlayEnemyHitSound
Event:FireServer(
    "FireAllClients",
    workspace.Map.Foliage:GetChildren()[27],
    game:GetService("Players").LocalPlayer.Inventory["Old Axe"]
)
2026-01-26T05:02:140.745Z,43.632064,Outgoing:ToolDamageObject,INFO Instance: ToolDamageObject (RemoteFunction)
	Path: game:GetService("ReplicatedStorage").RemoteEvents.ToolDamageObject
	Call Order In Log: 1
	-------------------- Event Data --------------------
	{
    CallOrderInLog = 1,
    DataFromHook = {
        Function = function(arg1, ...)
            -- Name: InvokeServer | Line: 81
            -- Upvalues: 0
            -- Function Hash: 8ef9db0b3e740b6d24c5553eac15120f91a00df99434c0d55069fa781c051cfd18472962ed2e987dc628a58579d06647
            -- LuaEncode: Unable to serialize function
            return
        end,
        Arguments = {
            workspace.Map.Foliage:GetChildren()[27],
            game:GetService("Players").LocalPlayer.Inventory["Old Axe"],
            "1_8401342884",
            CFrame.new(21.144374847412, 4.014678478241, -23.275054931641, 0.71576797962189, 5.9737033097917e-08, -0.69833815097809, -3.6519757884435e-08, 1, 4.8110447181671e-08, 0.69833815097809, -8.9327762964331e-09, 0.71576797962189),
            n = 4
        },
        Source = "Players.nsopnet.PlayerScripts.Client.UtilityModules.Events",
        Origin = game:GetService("Players").LocalPlayer.PlayerScripts.LoadClient,
        IsExecutor = false,
        CreationTime = 1769428934.7226,
        Line = 83
    },
    EventType = "Outgoing",
    RemoteInstanceInfo = {
        Path = "game:GetService(\"ReplicatedStorage\").RemoteEvents.ToolDamageObject",
        Name = "ToolDamageObject",
        ClassName = "RemoteFunction"
    }
}
	-------------------- Generated Code --------------------
	-- This code was generated by Cobalt
-- https://github.com/notpoiu/cobalt

local Event = game:GetService("ReplicatedStorage").RemoteEvents.ToolDamageObject
Event:InvokeServer(
    workspace.Map.Foliage:GetChildren()[27],
    game:GetService("Players").LocalPlayer.Inventory["Old Axe"],
    "1_8401342884",
    CFrame.new(21.144374847412, 4.014678478241, -23.275054931641, 0.71576797962189, 5.9737033097917e-08, -0.69833815097809, -3.6519757884435e-08, 1, 4.8110447181671e-08, 0.69833815097809, -8.9327762964331e-09, 0.71576797962189)
)
2026-01-26T05:02:140.753Z,43.640231,Outgoing:RequestReplicateSound,INFO Instance: RequestReplicateSound (RemoteEvent)
	Path: game:GetService("ReplicatedStorage").RemoteEvents.RequestReplicateSound
	Call Order In Log: 1
	-------------------- Event Data --------------------
	{
    CallOrderInLog = 1,
    DataFromHook = {
        Function = function(arg1, ...)
            -- Name: FireOtherClients | Line: 89
            -- Upvalues: 0
            -- Function Hash: aa39ac63239108cfa21a4866f294cdc519399c76890294f5fe74daded1530f5b406c3a843a850c1edfeafb6b0328691f
            -- LuaEncode: Unable to serialize function
            return
        end,
        Arguments = {
            "FireAllClients",
            "WoodChop",
            {
                Instance = game:GetService("Players").LocalPlayer.Character.Head,
                Volume = 0.4
            },
            n = 3
        },
        Source = "Players.nsopnet.PlayerScripts.Client.UtilityModules.Events",
        Origin = game:GetService("Players").LocalPlayer.PlayerScripts.LoadClient,
        IsExecutor = false,
        CreationTime = 1769428934.723,
        Line = 91
    },
    EventType = "Outgoing",
    RemoteInstanceInfo = {
        Path = "game:GetService(\"ReplicatedStorage\").RemoteEvents.RequestReplicateSound",
        Name = "RequestReplicateSound",
        ClassName = "RemoteEvent"
    }
}
	-------------------- Generated Code --------------------
	-- This code was generated by Cobalt
-- https://github.com/notpoiu/cobalt

local Event = game:GetService("ReplicatedStorage").RemoteEvents.RequestReplicateSound
Event:FireServer(
    "FireAllClients",
    "WoodChop",
    {
        Instance = game:GetService("Players").LocalPlayer.Character.Head,
        Volume = 0.4
    }
)
2026-01-26T05:02:150.831Z,43.718041,Incoming:ToolDamageObject,INFO Instance: ToolDamageObject (RemoteFunction)
	Path: game:GetService("ReplicatedStorage").RemoteEvents.ToolDamageObject
	Call Order In Log: 1
	-------------------- Event Data --------------------
	{
    CallOrderInLog = 1,
    DataFromHook = {
        Function = function(arg1, ...)
            -- Name: InvokeServer | Line: 81
            -- Upvalues: 0
            -- Function Hash: 8ef9db0b3e740b6d24c5553eac15120f91a00df99434c0d55069fa781c051cfd18472962ed2e987dc628a58579d06647
            -- LuaEncode: Unable to serialize function
            return
        end,
        Arguments = {
            {
                Success = true
            },
            n = 1
        },
        Source = "Players.nsopnet.PlayerScripts.Client.UtilityModules.Events",
        Origin = game:GetService("Players").LocalPlayer.PlayerScripts.LoadClient,
        IsExecutor = false,
        CreationTime = 1769428934.8192,
        OriginalInvokeArgs = {
            workspace.Map.Foliage:GetChildren()[27],
            game:GetService("Players").LocalPlayer.Inventory["Old Axe"],
            "1_8401342884",
            CFrame.new(21.144374847412, 4.014678478241, -23.275054931641, 0.71576797962189, 5.9737033097917e-08, -0.69833815097809, -3.6519757884435e-08, 1, 4.8110447181671e-08, 0.69833815097809, -8.9327762964331e-09, 0.71576797962189),
            n = 4
        },
        Line = 83
    },
    EventType = "Incoming",
    RemoteInstanceInfo = {
        Path = "game:GetService(\"ReplicatedStorage\").RemoteEvents.ToolDamageObject",
        Name = "ToolDamageObject",
        ClassName = "RemoteFunction"
    }
}
	-------------------- Generated Code --------------------
	-- This code was generated by Cobalt
-- https://github.com/notpoiu/cobalt

local Event = game:GetService("ReplicatedStorage").RemoteEvents.ToolDamageObject
local Result = Event:InvokeServer(
    workspace.Map.Foliage:GetChildren()[27],
    game:GetService("Players").LocalPlayer.Inventory["Old Axe"],
    "1_8401342884",
    CFrame.new(21.144374847412, 4.014678478241, -23.275054931641, 0.71576797962189, 5.9737033097917e-08, -0.69833815097809, -3.6519757884435e-08, 1, 4.8110447181671e-08, 0.69833815097809, -8.9327762964331e-09, 0.71576797962189)
)

local ExpectedResult = table.unpack({
    {
        Success = true
    }
})


2026-01-26T05:02:160.885Z,44.771767,Outgoing:PlayEnemyHitSound,INFO Instance: PlayEnemyHitSound (RemoteEvent)
	Path: game:GetService("ReplicatedStorage").RemoteEvents.PlayEnemyHitSound
	Call Order In Log: 2
	-------------------- Event Data --------------------
	{
    CallOrderInLog = 2,
    DataFromHook = {
        Function = function(arg1, ...)
            -- Name: FireAllClients | Line: 97
            -- Upvalues: 1
            -- Function Hash: bbf90e5eda7419d4f880ab3d75e0efe52136d5f4c550bd02d8211b942ce51e002947250edcf1ac2425037a0e94abaf48
            -- LuaEncode: Unable to serialize function
            return
        end,
        Arguments = {
            "FireAllClients",
            workspace.Map.Foliage:GetChildren()[27],
            game:GetService("Players").LocalPlayer.Inventory["Old Axe"],
            n = 3
        },
        Source = "Players.nsopnet.PlayerScripts.Client.UtilityModules.Events",
        Origin = game:GetService("Players").LocalPlayer.PlayerScripts.LoadClient,
        IsExecutor = false,
        CreationTime = 1769428935.8777,
        Line = 101
    },
    EventType = "Outgoing",
    RemoteInstanceInfo = {
        Path = "game:GetService(\"ReplicatedStorage\").RemoteEvents.PlayEnemyHitSound",
        Name = "PlayEnemyHitSound",
        ClassName = "RemoteEvent"
    }
}
	-------------------- Generated Code --------------------
	-- This code was generated by Cobalt
-- https://github.com/notpoiu/cobalt

local Event = game:GetService("ReplicatedStorage").RemoteEvents.PlayEnemyHitSound
Event:FireServer(
    "FireAllClients",
    workspace.Map.Foliage:GetChildren()[27],
    game:GetService("Players").LocalPlayer.Inventory["Old Axe"]
)
2026-01-26T05:02:160.894Z,44.781150,Outgoing:ToolDamageObject,INFO Instance: ToolDamageObject (RemoteFunction)
	Path: game:GetService("ReplicatedStorage").RemoteEvents.ToolDamageObject
	Call Order In Log: 2
	-------------------- Event Data --------------------
	{
    CallOrderInLog = 2,
    DataFromHook = {
        Function = function(arg1, ...)
            -- Name: InvokeServer | Line: 81
            -- Upvalues: 0
            -- Function Hash: 8ef9db0b3e740b6d24c5553eac15120f91a00df99434c0d55069fa781c051cfd18472962ed2e987dc628a58579d06647
            -- LuaEncode: Unable to serialize function
            return
        end,
        Arguments = {
            workspace.Map.Foliage:GetChildren()[27],
            game:GetService("Players").LocalPlayer.Inventory["Old Axe"],
            "2_8401342884",
            CFrame.new(21.144374847412, 4.014678478241, -23.275054931641, 0.71576797962189, 2.8366207160957e-08, -0.69833815097809, -1.7345866965002e-08, 1, 2.2840783486799e-08, 0.69833815097809, -4.235420458798e-09, 0.71576797962189),
            n = 4
        },
        Source = "Players.nsopnet.PlayerScripts.Client.UtilityModules.Events",
        Origin = game:GetService("Players").LocalPlayer.PlayerScripts.LoadClient,
        IsExecutor = false,
        CreationTime = 1769428935.8783,
        Line = 83
    },
    EventType = "Outgoing",
    RemoteInstanceInfo = {
        Path = "game:GetService(\"ReplicatedStorage\").RemoteEvents.ToolDamageObject",
        Name = "ToolDamageObject",
        ClassName = "RemoteFunction"
    }
}
	-------------------- Generated Code --------------------
	-- This code was generated by Cobalt
-- https://github.com/notpoiu/cobalt

local Event = game:GetService("ReplicatedStorage").RemoteEvents.ToolDamageObject
Event:InvokeServer(
    workspace.Map.Foliage:GetChildren()[27],
    game:GetService("Players").LocalPlayer.Inventory["Old Axe"],
    "2_8401342884",
    CFrame.new(21.144374847412, 4.014678478241, -23.275054931641, 0.71576797962189, 2.8366207160957e-08, -0.69833815097809, -1.7345866965002e-08, 1, 2.2840783486799e-08, 0.69833815097809, -4.235420458798e-09, 0.71576797962189)
)
2026-01-26T05:02:160.904Z,44.790552,Outgoing:RequestReplicateSound,INFO Instance: RequestReplicateSound (RemoteEvent)
	Path: game:GetService("ReplicatedStorage").RemoteEvents.RequestReplicateSound
	Call Order In Log: 2
	-------------------- Event Data --------------------
	{
    CallOrderInLog = 2,
    DataFromHook = {
        Function = function(arg1, ...)
            -- Name: FireOtherClients | Line: 89
            -- Upvalues: 0
            -- Function Hash: aa39ac63239108cfa21a4866f294cdc519399c76890294f5fe74daded1530f5b406c3a843a850c1edfeafb6b0328691f
            -- LuaEncode: Unable to serialize function
            return
        end,
        Arguments = {
            "FireAllClients",
            "WoodChop",
            {
                Instance = game:GetService("Players").LocalPlayer.Character.Head,
                Volume = 0.4
            },
            n = 3
        },
        Source = "Players.nsopnet.PlayerScripts.Client.UtilityModules.Events",
        Origin = game:GetService("Players").LocalPlayer.PlayerScripts.LoadClient,
        IsExecutor = false,
        CreationTime = 1769428935.8787,
        Line = 91
    },
    EventType = "Outgoing",
    RemoteInstanceInfo = {
        Path = "game:GetService(\"ReplicatedStorage\").RemoteEvents.RequestReplicateSound",
        Name = "RequestReplicateSound",
        ClassName = "RemoteEvent"
    }
}
	-------------------- Generated Code --------------------
	-- This code was generated by Cobalt
-- https://github.com/notpoiu/cobalt

local Event = game:GetService("ReplicatedStorage").RemoteEvents.RequestReplicateSound
Event:FireServer(
    "FireAllClients",
    "WoodChop",
    {
        Instance = game:GetService("Players").LocalPlayer.Character.Head,
        Volume = 0.4
    }
)
2026-01-26T05:02:160.986Z,44.872479,Incoming:ToolDamageObject,INFO Instance: ToolDamageObject (RemoteFunction)
	Path: game:GetService("ReplicatedStorage").RemoteEvents.ToolDamageObject
	Call Order In Log: 2
	-------------------- Event Data --------------------
	{
    CallOrderInLog = 2,
    DataFromHook = {
        Function = function(arg1, ...)
            -- Name: InvokeServer | Line: 81
            -- Upvalues: 0
            -- Function Hash: 8ef9db0b3e740b6d24c5553eac15120f91a00df99434c0d55069fa781c051cfd18472962ed2e987dc628a58579d06647
            -- LuaEncode: Unable to serialize function
            return
        end,
        Arguments = {
            {
                Success = true
            },
            n = 1
        },
        Source = "Players.nsopnet.PlayerScripts.Client.UtilityModules.Events",
        Origin = game:GetService("Players").LocalPlayer.PlayerScripts.LoadClient,
        IsExecutor = false,
        CreationTime = 1769428935.973,
        OriginalInvokeArgs = {
            workspace.Map.Foliage:GetChildren()[27],
            game:GetService("Players").LocalPlayer.Inventory["Old Axe"],
            "2_8401342884",
            CFrame.new(21.144374847412, 4.014678478241, -23.275054931641, 0.71576797962189, 2.8366207160957e-08, -0.69833815097809, -1.7345866965002e-08, 1, 2.2840783486799e-08, 0.69833815097809, -4.235420458798e-09, 0.71576797962189),
            n = 4
        },
        Line = 83
    },
    EventType = "Incoming",
    RemoteInstanceInfo = {
        Path = "game:GetService(\"ReplicatedStorage\").RemoteEvents.ToolDamageObject",
        Name = "ToolDamageObject",
        ClassName = "RemoteFunction"
    }
}
	-------------------- Generated Code --------------------
	-- This code was generated by Cobalt
-- https://github.com/notpoiu/cobalt

local Event = game:GetService("ReplicatedStorage").RemoteEvents.ToolDamageObject
local Result = Event:InvokeServer(
    workspace.Map.Foliage:GetChildren()[27],
    game:GetService("Players").LocalPlayer.Inventory["Old Axe"],
    "2_8401342884",
    CFrame.new(21.144374847412, 4.014678478241, -23.275054931641, 0.71576797962189, 2.8366207160957e-08, -0.69833815097809, -1.7345866965002e-08, 1, 2.2840783486799e-08, 0.69833815097809, -4.235420458798e-09, 0.71576797962189)
)

local ExpectedResult = table.unpack({
    {
        Success = true
    }
})


2026-01-26T05:02:160.430Z,45.316915,Outgoing:PlayEnemyHitSound,INFO Instance: PlayEnemyHitSound (RemoteEvent)
	Path: game:GetService("ReplicatedStorage").RemoteEvents.PlayEnemyHitSound
	Call Order In Log: 3
	-------------------- Event Data --------------------
	{
    CallOrderInLog = 3,
    DataFromHook = {
        Function = function(arg1, ...)
            -- Name: FireAllClients | Line: 97
            -- Upvalues: 1
            -- Function Hash: bbf90e5eda7419d4f880ab3d75e0efe52136d5f4c550bd02d8211b942ce51e002947250edcf1ac2425037a0e94abaf48
            -- LuaEncode: Unable to serialize function
            return
        end,
        Arguments = {
            "FireAllClients",
            workspace.Map.Foliage:GetChildren()[27],
            game:GetService("Players").LocalPlayer.Inventory["Old Axe"],
            n = 3
        },
        Source = "Players.nsopnet.PlayerScripts.Client.UtilityModules.Events",
        Origin = game:GetService("Players").LocalPlayer.PlayerScripts.LoadClient,
        IsExecutor = false,
        CreationTime = 1769428936.4241,
        Line = 101
    },
    EventType = "Outgoing",
    RemoteInstanceInfo = {
        Path = "game:GetService(\"ReplicatedStorage\").RemoteEvents.PlayEnemyHitSound",
        Name = "PlayEnemyHitSound",
        ClassName = "RemoteEvent"
    }
}
	-------------------- Generated Code --------------------
	-- This code was generated by Cobalt
-- https://github.com/notpoiu/cobalt

local Event = game:GetService("ReplicatedStorage").RemoteEvents.PlayEnemyHitSound
Event:FireServer(
    "FireAllClients",
    workspace.Map.Foliage:GetChildren()[27],
    game:GetService("Players").LocalPlayer.Inventory["Old Axe"]
)
2026-01-26T05:02:160.438Z,45.325190,Outgoing:ToolDamageObject,INFO Instance: ToolDamageObject (RemoteFunction)
	Path: game:GetService("ReplicatedStorage").RemoteEvents.ToolDamageObject
	Call Order In Log: 3
	-------------------- Event Data --------------------
	{
    CallOrderInLog = 3,
    DataFromHook = {
        Function = function(arg1, ...)
            -- Name: InvokeServer | Line: 81
            -- Upvalues: 0
            -- Function Hash: 8ef9db0b3e740b6d24c5553eac15120f91a00df99434c0d55069fa781c051cfd18472962ed2e987dc628a58579d06647
            -- LuaEncode: Unable to serialize function
            return
        end,
        Arguments = {
            workspace.Map.Foliage:GetChildren()[27],
            game:GetService("Players").LocalPlayer.Inventory["Old Axe"],
            "3_8401342884",
            CFrame.new(21.144374847412, 4.014678478241, -23.275054931641, 0.71576797962189, -1.7883428071741e-08, -0.69833815097809, 1.0935646166388e-08, 1, -1.4399962111611e-08, 0.69833815097809, 2.6702526856326e-09, 0.71576797962189),
            n = 4
        },
        Source = "Players.nsopnet.PlayerScripts.Client.UtilityModules.Events",
        Origin = game:GetService("Players").LocalPlayer.PlayerScripts.LoadClient,
        IsExecutor = false,
        CreationTime = 1769428936.4244,
        Line = 83
    },
    EventType = "Outgoing",
    RemoteInstanceInfo = {
        Path = "game:GetService(\"ReplicatedStorage\").RemoteEvents.ToolDamageObject",
        Name = "ToolDamageObject",
        ClassName = "RemoteFunction"
    }
}
	-------------------- Generated Code --------------------
	-- This code was generated by Cobalt
-- https://github.com/notpoiu/cobalt

local Event = game:GetService("ReplicatedStorage").RemoteEvents.ToolDamageObject
Event:InvokeServer(
    workspace.Map.Foliage:GetChildren()[27],
    game:GetService("Players").LocalPlayer.Inventory["Old Axe"],
    "3_8401342884",
    CFrame.new(21.144374847412, 4.014678478241, -23.275054931641, 0.71576797962189, -1.7883428071741e-08, -0.69833815097809, 1.0935646166388e-08, 1, -1.4399962111611e-08, 0.69833815097809, 2.6702526856326e-09, 0.71576797962189)
)
2026-01-26T05:02:160.447Z,45.333632,Outgoing:RequestReplicateSound,INFO Instance: RequestReplicateSound (RemoteEvent)
	Path: game:GetService("ReplicatedStorage").RemoteEvents.RequestReplicateSound
	Call Order In Log: 3
	-------------------- Event Data --------------------
	{
    CallOrderInLog = 3,
    DataFromHook = {
        Function = function(arg1, ...)
            -- Name: FireOtherClients | Line: 89
            -- Upvalues: 0
            -- Function Hash: aa39ac63239108cfa21a4866f294cdc519399c76890294f5fe74daded1530f5b406c3a843a850c1edfeafb6b0328691f
            -- LuaEncode: Unable to serialize function
            return
        end,
        Arguments = {
            "FireAllClients",
            "WoodChop",
            {
                Instance = game:GetService("Players").LocalPlayer.Character.Head,
                Volume = 0.4
            },
            n = 3
        },
        Source = "Players.nsopnet.PlayerScripts.Client.UtilityModules.Events",
        Origin = game:GetService("Players").LocalPlayer.PlayerScripts.LoadClient,
        IsExecutor = false,
        CreationTime = 1769428936.4247,
        Line = 91
    },
    EventType = "Outgoing",
    RemoteInstanceInfo = {
        Path = "game:GetService(\"ReplicatedStorage\").RemoteEvents.RequestReplicateSound",
        Name = "RequestReplicateSound",
        ClassName = "RemoteEvent"
    }
}
	-------------------- Generated Code --------------------
	-- This code was generated by Cobalt
-- https://github.com/notpoiu/cobalt

local Event = game:GetService("ReplicatedStorage").RemoteEvents.RequestReplicateSound
Event:FireServer(
    "FireAllClients",
    "WoodChop",
    {
        Instance = game:GetService("Players").LocalPlayer.Character.Head,
        Volume = 0.4
    }
)
2026-01-26T05:02:160.511Z,45.397716,Incoming:ToolDamageObject,INFO Instance: ToolDamageObject (RemoteFunction)
	Path: game:GetService("ReplicatedStorage").RemoteEvents.ToolDamageObject
	Call Order In Log: 3
	-------------------- Event Data --------------------
	{
    CallOrderInLog = 3,
    DataFromHook = {
        Function = function(arg1, ...)
            -- Name: InvokeServer | Line: 81
            -- Upvalues: 0
            -- Function Hash: 8ef9db0b3e740b6d24c5553eac15120f91a00df99434c0d55069fa781c051cfd18472962ed2e987dc628a58579d06647
            -- LuaEncode: Unable to serialize function
            return
        end,
        Arguments = {
            {
                Success = true
            },
            n = 1
        },
        Source = "Players.nsopnet.PlayerScripts.Client.UtilityModules.Events",
        Origin = game:GetService("Players").LocalPlayer.PlayerScripts.LoadClient,
        IsExecutor = false,
        CreationTime = 1769428936.5049,
        OriginalInvokeArgs = {
            workspace.Map.Foliage:GetChildren()[27],
            game:GetService("Players").LocalPlayer.Inventory["Old Axe"],
            "3_8401342884",
            CFrame.new(21.144374847412, 4.014678478241, -23.275054931641, 0.71576797962189, -1.7883428071741e-08, -0.69833815097809, 1.0935646166388e-08, 1, -1.4399962111611e-08, 0.69833815097809, 2.6702526856326e-09, 0.71576797962189),
            n = 4
        },
        Line = 83
    },
    EventType = "Incoming",
    RemoteInstanceInfo = {
        Path = "game:GetService(\"ReplicatedStorage\").RemoteEvents.ToolDamageObject",
        Name = "ToolDamageObject",
        ClassName = "RemoteFunction"
    }
}
	-------------------- Generated Code --------------------
	-- This code was generated by Cobalt
-- https://github.com/notpoiu/cobalt

local Event = game:GetService("ReplicatedStorage").RemoteEvents.ToolDamageObject
local Result = Event:InvokeServer(
    workspace.Map.Foliage:GetChildren()[27],
    game:GetService("Players").LocalPlayer.Inventory["Old Axe"],
    "3_8401342884",
    CFrame.new(21.144374847412, 4.014678478241, -23.275054931641, 0.71576797962189, -1.7883428071741e-08, -0.69833815097809, 1.0935646166388e-08, 1, -1.4399962111611e-08, 0.69833815097809, 2.6702526856326e-09, 0.71576797962189)
)

local ExpectedResult = table.unpack({
    {
        Success = true
    }
})


2026-01-26T05:02:170.986Z,45.872781,Outgoing:PlayEnemyHitSound,INFO Instance: PlayEnemyHitSound (RemoteEvent)
	Path: game:GetService("ReplicatedStorage").RemoteEvents.PlayEnemyHitSound
	Call Order In Log: 4
	-------------------- Event Data --------------------
	{
    CallOrderInLog = 4,
    DataFromHook = {
        Function = function(arg1, ...)
            -- Name: FireAllClients | Line: 97
            -- Upvalues: 1
            -- Function Hash: bbf90e5eda7419d4f880ab3d75e0efe52136d5f4c550bd02d8211b942ce51e002947250edcf1ac2425037a0e94abaf48
            -- LuaEncode: Unable to serialize function
            return
        end,
        Arguments = {
            "FireAllClients",
            workspace.Map.Foliage:GetChildren()[27],
            game:GetService("Players").LocalPlayer.Inventory["Old Axe"],
            n = 3
        },
        Source = "Players.nsopnet.PlayerScripts.Client.UtilityModules.Events",
        Origin = game:GetService("Players").LocalPlayer.PlayerScripts.LoadClient,
        IsExecutor = false,
        CreationTime = 1769428936.9814,
        Line = 101
    },
    EventType = "Outgoing",
    RemoteInstanceInfo = {
        Path = "game:GetService(\"ReplicatedStorage\").RemoteEvents.PlayEnemyHitSound",
        Name = "PlayEnemyHitSound",
        ClassName = "RemoteEvent"
    }
}
	-------------------- Generated Code --------------------
	-- This code was generated by Cobalt
-- https://github.com/notpoiu/cobalt

local Event = game:GetService("ReplicatedStorage").RemoteEvents.PlayEnemyHitSound
Event:FireServer(
    "FireAllClients",
    workspace.Map.Foliage:GetChildren()[27],
    game:GetService("Players").LocalPlayer.Inventory["Old Axe"]
)
2026-01-26T05:02:170.994Z,45.881250,Outgoing:ToolDamageObject,INFO Instance: ToolDamageObject (RemoteFunction)
	Path: game:GetService("ReplicatedStorage").RemoteEvents.ToolDamageObject
	Call Order In Log: 4
	-------------------- Event Data --------------------
	{
    CallOrderInLog = 4,
    DataFromHook = {
        Function = function(arg1, ...)
            -- Name: InvokeServer | Line: 81
            -- Upvalues: 0
            -- Function Hash: 8ef9db0b3e740b6d24c5553eac15120f91a00df99434c0d55069fa781c051cfd18472962ed2e987dc628a58579d06647
            -- LuaEncode: Unable to serialize function
            return
        end,
        Arguments = {
            workspace.Map.Foliage:GetChildren()[27],
            game:GetService("Players").LocalPlayer.Inventory["Old Axe"],
            "4_8401342884",
            CFrame.new(21.144374847412, 4.014678478241, -23.275054931641, 0.71576797962189, 4.9292943060664e-09, -0.69833815097809, -3.0142481843853e-09, 1, 3.9691259168251e-09, 0.69833815097809, -7.3600880945435e-10, 0.71576797962189),
            n = 4
        },
        Source = "Players.nsopnet.PlayerScripts.Client.UtilityModules.Events",
        Origin = game:GetService("Players").LocalPlayer.PlayerScripts.LoadClient,
        IsExecutor = false,
        CreationTime = 1769428936.9816,
        Line = 83
    },
    EventType = "Outgoing",
    RemoteInstanceInfo = {
        Path = "game:GetService(\"ReplicatedStorage\").RemoteEvents.ToolDamageObject",
        Name = "ToolDamageObject",
        ClassName = "RemoteFunction"
    }
}
	-------------------- Generated Code --------------------
	-- This code was generated by Cobalt
-- https://github.com/notpoiu/cobalt

local Event = game:GetService("ReplicatedStorage").RemoteEvents.ToolDamageObject
Event:InvokeServer(
    workspace.Map.Foliage:GetChildren()[27],
    game:GetService("Players").LocalPlayer.Inventory["Old Axe"],
    "4_8401342884",
    CFrame.new(21.144374847412, 4.014678478241, -23.275054931641, 0.71576797962189, 4.9292943060664e-09, -0.69833815097809, -3.0142481843853e-09, 1, 3.9691259168251e-09, 0.69833815097809, -7.3600880945435e-10, 0.71576797962189)
)
2026-01-26T05:02:170.004Z,45.890591,Outgoing:RequestReplicateSound,INFO Instance: RequestReplicateSound (RemoteEvent)
	Path: game:GetService("ReplicatedStorage").RemoteEvents.RequestReplicateSound
	Call Order In Log: 4
	-------------------- Event Data --------------------
	{
    CallOrderInLog = 4,
    DataFromHook = {
        Function = function(arg1, ...)
            -- Name: FireOtherClients | Line: 89
            -- Upvalues: 0
            -- Function Hash: aa39ac63239108cfa21a4866f294cdc519399c76890294f5fe74daded1530f5b406c3a843a850c1edfeafb6b0328691f
            -- LuaEncode: Unable to serialize function
            return
        end,
        Arguments = {
            "FireAllClients",
            "WoodChop",
            {
                Instance = game:GetService("Players").LocalPlayer.Character.Head,
                Volume = 0.4
            },
            n = 3
        },
        Source = "Players.nsopnet.PlayerScripts.Client.UtilityModules.Events",
        Origin = game:GetService("Players").LocalPlayer.PlayerScripts.LoadClient,
        IsExecutor = false,
        CreationTime = 1769428936.9817,
        Line = 91
    },
    EventType = "Outgoing",
    RemoteInstanceInfo = {
        Path = "game:GetService(\"ReplicatedStorage\").RemoteEvents.RequestReplicateSound",
        Name = "RequestReplicateSound",
        ClassName = "RemoteEvent"
    }
}
	-------------------- Generated Code --------------------
	-- This code was generated by Cobalt
-- https://github.com/notpoiu/cobalt

local Event = game:GetService("ReplicatedStorage").RemoteEvents.RequestReplicateSound
Event:FireServer(
    "FireAllClients",
    "WoodChop",
    {
        Instance = game:GetService("Players").LocalPlayer.Character.Head,
        Volume = 0.4
    }
)
2026-01-26T05:02:170.107Z,45.993587,Incoming:ToolDamageObject,INFO Instance: ToolDamageObject (RemoteFunction)
	Path: game:GetService("ReplicatedStorage").RemoteEvents.ToolDamageObject
	Call Order In Log: 4
	-------------------- Event Data --------------------
	{
    CallOrderInLog = 4,
    DataFromHook = {
        Function = function(arg1, ...)
            -- Name: InvokeServer | Line: 81
            -- Upvalues: 0
            -- Function Hash: 8ef9db0b3e740b6d24c5553eac15120f91a00df99434c0d55069fa781c051cfd18472962ed2e987dc628a58579d06647
            -- LuaEncode: Unable to serialize function
            return
        end,
        Arguments = {
            {
                Success = true
            },
            n = 1
        },
        Source = "Players.nsopnet.PlayerScripts.Client.UtilityModules.Events",
        Origin = game:GetService("Players").LocalPlayer.PlayerScripts.LoadClient,
        IsExecutor = false,
        CreationTime = 1769428937.1019,
        OriginalInvokeArgs = {
            workspace.Map.Foliage:GetChildren()[27],
            game:GetService("Players").LocalPlayer.Inventory["Old Axe"],
            "4_8401342884",
            CFrame.new(21.144374847412, 4.014678478241, -23.275054931641, 0.71576797962189, 4.9292943060664e-09, -0.69833815097809, -3.0142481843853e-09, 1, 3.9691259168251e-09, 0.69833815097809, -7.3600880945435e-10, 0.71576797962189),
            n = 4
        },
        Line = 83
    },
    EventType = "Incoming",
    RemoteInstanceInfo = {
        Path = "game:GetService(\"ReplicatedStorage\").RemoteEvents.ToolDamageObject",
        Name = "ToolDamageObject",
        ClassName = "RemoteFunction"
    }
}
	-------------------- Generated Code --------------------
	-- This code was generated by Cobalt
-- https://github.com/notpoiu/cobalt

local Event = game:GetService("ReplicatedStorage").RemoteEvents.ToolDamageObject
local Result = Event:InvokeServer(
    workspace.Map.Foliage:GetChildren()[27],
    game:GetService("Players").LocalPlayer.Inventory["Old Axe"],
    "4_8401342884",
    CFrame.new(21.144374847412, 4.014678478241, -23.275054931641, 0.71576797962189, 4.9292943060664e-09, -0.69833815097809, -3.0142481843853e-09, 1, 3.9691259168251e-09, 0.69833815097809, -7.3600880945435e-10, 0.71576797962189)
)

local ExpectedResult = table.unpack({
    {
        Success = true
    }
})


2026-01-26T05:02:170.556Z,46.443072,Outgoing:PlayEnemyHitSound,INFO Instance: PlayEnemyHitSound (RemoteEvent)
	Path: game:GetService("ReplicatedStorage").RemoteEvents.PlayEnemyHitSound
	Call Order In Log: 5
	-------------------- Event Data --------------------
	{
    CallOrderInLog = 5,
    DataFromHook = {
        Function = function(arg1, ...)
            -- Name: FireAllClients | Line: 97
            -- Upvalues: 1
            -- Function Hash: bbf90e5eda7419d4f880ab3d75e0efe52136d5f4c550bd02d8211b942ce51e002947250edcf1ac2425037a0e94abaf48
            -- LuaEncode: Unable to serialize function
            return
        end,
        Arguments = {
            "FireAllClients",
            workspace.Map.Foliage:GetChildren()[27],
            game:GetService("Players").LocalPlayer.Inventory["Old Axe"],
            n = 3
        },
        Source = "Players.nsopnet.PlayerScripts.Client.UtilityModules.Events",
        Origin = game:GetService("Players").LocalPlayer.PlayerScripts.LoadClient,
        IsExecutor = false,
        CreationTime = 1769428937.5497,
        Line = 101
    },
    EventType = "Outgoing",
    RemoteInstanceInfo = {
        Path = "game:GetService(\"ReplicatedStorage\").RemoteEvents.PlayEnemyHitSound",
        Name = "PlayEnemyHitSound",
        ClassName = "RemoteEvent"
    }
}
	-------------------- Generated Code --------------------
	-- This code was generated by Cobalt
-- https://github.com/notpoiu/cobalt

local Event = game:GetService("ReplicatedStorage").RemoteEvents.PlayEnemyHitSound
Event:FireServer(
    "FireAllClients",
    workspace.Map.Foliage:GetChildren()[27],
    game:GetService("Players").LocalPlayer.Inventory["Old Axe"]
)
2026-01-26T05:02:170.570Z,46.456589,Outgoing:ToolDamageObject,INFO Instance: ToolDamageObject (RemoteFunction)
	Path: game:GetService("ReplicatedStorage").RemoteEvents.ToolDamageObject
	Call Order In Log: 5
	-------------------- Event Data --------------------
	{
    CallOrderInLog = 5,
    DataFromHook = {
        Function = function(arg1, ...)
            -- Name: InvokeServer | Line: 81
            -- Upvalues: 0
            -- Function Hash: 8ef9db0b3e740b6d24c5553eac15120f91a00df99434c0d55069fa781c051cfd18472962ed2e987dc628a58579d06647
            -- LuaEncode: Unable to serialize function
            return
        end,
        Arguments = {
            workspace.Map.Foliage:GetChildren()[27],
            game:GetService("Players").LocalPlayer.Inventory["Old Axe"],
            "5_8401342884",
            CFrame.new(21.144374847412, 4.014678478241, -23.275054931641, 0.71576797962189, 3.7563729904377e-08, -0.69833815097809, -2.2969665280925e-08, 1, 3.0247203852696e-08, 0.69833815097809, -5.6093862887963e-09, 0.71576797962189),
            n = 4
        },
        Source = "Players.nsopnet.PlayerScripts.Client.UtilityModules.Events",
        Origin = game:GetService("Players").LocalPlayer.PlayerScripts.LoadClient,
        IsExecutor = false,
        CreationTime = 1769428937.5501,
        Line = 83
    },
    EventType = "Outgoing",
    RemoteInstanceInfo = {
        Path = "game:GetService(\"ReplicatedStorage\").RemoteEvents.ToolDamageObject",
        Name = "ToolDamageObject",
        ClassName = "RemoteFunction"
    }
}
	-------------------- Generated Code --------------------
	-- This code was generated by Cobalt
-- https://github.com/notpoiu/cobalt

local Event = game:GetService("ReplicatedStorage").RemoteEvents.ToolDamageObject
Event:InvokeServer(
    workspace.Map.Foliage:GetChildren()[27],
    game:GetService("Players").LocalPlayer.Inventory["Old Axe"],
    "5_8401342884",
    CFrame.new(21.144374847412, 4.014678478241, -23.275054931641, 0.71576797962189, 3.7563729904377e-08, -0.69833815097809, -2.2969665280925e-08, 1, 3.0247203852696e-08, 0.69833815097809, -5.6093862887963e-09, 0.71576797962189)
)
2026-01-26T05:02:170.579Z,46.465928,Outgoing:RequestReplicateSound,INFO Instance: RequestReplicateSound (RemoteEvent)
	Path: game:GetService("ReplicatedStorage").RemoteEvents.RequestReplicateSound
	Call Order In Log: 5
	-------------------- Event Data --------------------
	{
    CallOrderInLog = 5,
    DataFromHook = {
        Function = function(arg1, ...)
            -- Name: FireOtherClients | Line: 89
            -- Upvalues: 0
            -- Function Hash: aa39ac63239108cfa21a4866f294cdc519399c76890294f5fe74daded1530f5b406c3a843a850c1edfeafb6b0328691f
            -- LuaEncode: Unable to serialize function
            return
        end,
        Arguments = {
            "FireAllClients",
            "WoodChop",
            {
                Instance = game:GetService("Players").LocalPlayer.Character.Head,
                Volume = 0.4
            },
            n = 3
        },
        Source = "Players.nsopnet.PlayerScripts.Client.UtilityModules.Events",
        Origin = game:GetService("Players").LocalPlayer.PlayerScripts.LoadClient,
        IsExecutor = false,
        CreationTime = 1769428937.5504,
        Line = 91
    },
    EventType = "Outgoing",
    RemoteInstanceInfo = {
