{
  "meta": {
    "source_html": "Cobalt_Session_1769383380.html",
    "extracted_at_utc": "2026-01-25T23:41:11Z",
    "dictionary_entries": 249,
    "event_rows": 567
  },
  "dictionary_data": {
    "53": "{    \"BindableEvent\",    \"Fire\"}",
    "43": "{    [\"Small Tree\"] --[[Nil Parent]],    game:GetService(\"Players\").LocalPlayer.Inventory[\"Old Axe\"],    \"13_8401342884\",    CFrame.new(1.4462873935699, 3.8565876483917, 62.373195648193, -0.99771374464035, 0, 0.067581310868263, 0, 1, 0, -0.067581310868263, 0, -0.99771374464035)}",
    "73": "{    {        RemoteEvent = game:GetService(\"ReplicatedStorage\").RemoteEvents.PlayDeathAnimation,        BindableEvent = {            BindableEvent = .Event --[[Nil Parent]]        },        Name = \"PlayDeathAnimation\"    }}",
    "63": "{    \"FireAllClients\",    .Bunny --[[Nil Parent]],    game:GetService(\"Players\").LocalPlayer.Inventory[\"Old Axe\"]}",
    "93": "{    game:GetService(\"Players\").LocalPlayer.Inventory[\"Old Sack\"],    .Log --[[Nil Parent]],    false}",
    "83": "StopDraggingItem",
    "137": "{    [\"Small Tree\"] --[[Nil Parent]],    game:GetService(\"Players\").LocalPlayer.Inventory[\"Old Axe\"],    \"38_8401342884\",    CFrame.new(-28.816759109497, 3.061253786087, 70.337509155273, -0.82474130392075, -1.3218773631252e-08, 0.56551021337509, -5.3843816516519e-08, 1, -5.5150987776642e-08, -0.56551021337509, -7.5934522669741e-08, -0.82474130392075)}",
    "237": "{    workspace.Items[\"Item Chest2\"]}",
    "249": "{    workspace.Items:GetChildren()[183]}",
    "159": "{    [2] = .Part --[[Nil Parent]]}",
    "154": "{    \"Night\",    6}",
    "227": "{    game:GetService(\"Players\").LocalPlayer.ItemBag:GetChildren()[2]}",
    "236": "game:GetService(\"ReplicatedStorage\").RemoteEvents.RequestOpenItemChest",
    "246": "{    \"FireAllClients\",    workspace.Map.Landmarks[\"Log Cabin\"].Door,    true}",
    "245": "{    \"FireAllClients\",    \"DoorToggle\",    {        Instance = workspace.Map.Landmarks[\"Log Cabin\"].Door.Main,        Volume = 0.3    }}",
    "207": "{    200,    0}",
    "243": "{    80,    -200}",
    "151": "{    .Sapling --[[Nil Parent]],    Vector3.new(-29.069286346436, 0.85770559310913, 45.799240112305)}",
    "130": "{    workspace.Map.Campground.CraftingBench,    .Log --[[Nil Parent]]}",
    "15": "{    \"FireAllClients\",    [\"Small Tree\"] --[[Nil Parent]],    game:GetService(\"Players\").LocalPlayer.Inventory[\"Old Axe\"]}",
    "138": "{    [\"Small Tree\"] --[[Nil Parent]],    game:GetService(\"Players\").LocalPlayer.Inventory[\"Old Axe\"],    \"39_8401342884\",    CFrame.new(-28.816759109497, 3.061253786087, 70.337509155273, -0.82474130392075, 8.36449665087e-09, 0.56551021337509, 3.4071874210895e-08, 1, 3.489942912438e-08, -0.56551021337509, 4.8050992518256e-08, -0.82474130392075)}",
    "13": "game:GetService(\"ReplicatedStorage\").RemoteEvents.PlayEnemyHitSound",
    "240": "{    game:GetService(\"Players\").LocalPlayer.Inventory[\"Old Sack\"],    game:GetService(\"Players\").LocalPlayer.ItemBag[\"Revolver Ammo\"]}",
    "33": "{    [\"Small Tree\"] --[[Nil Parent]],    game:GetService(\"Players\").LocalPlayer.Inventory[\"Old Axe\"],    \"3_8401342884\",    CFrame.new(1.4462873935699, 3.8565876483917, 62.373195648193, -0.99771374464035, 0, 0.067581310868263, 0, 1, 0, -0.067581310868263, 0, -0.99771374464035)}",
    "23": "InvokeServer",
    "42": "{    [\"Small Tree\"] --[[Nil Parent]],    game:GetService(\"Players\").LocalPlayer.Inventory[\"Old Axe\"],    \"12_8401342884\",    CFrame.new(1.4462873935699, 3.8565876483917, 62.373195648193, -0.99771374464035, 0, 0.067581310868263, 0, 1, 0, -0.067581310868263, 0, -0.99771374464035)}",
    "52": "{    {        RemoteEvent = game:GetService(\"ReplicatedStorage\").RemoteEvents.DestroyObject,        BindableEvent = {            BindableEvent = .Event --[[Nil Parent]]        },        Name = \"DestroyObject\"    }}",
    "62": "{    0,    60}",
    "72": "{    .Bunny --[[Nil Parent]]}",
    "82": "{    .Sapling --[[Nil Parent]],    Vector3.new(10.542573928833, 0.8565878868103, 70.202491760254)}",
    "92": "game:GetService(\"ReplicatedStorage\").RemoteEvents.RequestBagDropItem",
    "239": "{    game:GetService(\"Players\").LocalPlayer.ItemBag[\"Revolver Ammo\"]}",
    "238": "{    \"ItemChest2\",    126.41968536377,    -215.27459716797,    {        Visible = true,        Open = true    }}",
    "247": "{    \"FireAllClients\",    \"DoorToggle\",    {        Instance = workspace.Map.Landmarks[\"Log Cabin\"]:GetChildren()[3].ClosetDoors.DoorLeft.Main,        Volume = 0.3    }}",
    "147": "{    [\"Small Tree\"] --[[Nil Parent]],    game:GetService(\"Players\").LocalPlayer.Inventory[\"Old Axe\"],    \"44_8401342884\",    CFrame.new(-28.816759109497, 3.061253786087, 70.337509155273, -0.82474130392075, -1.7695539256124e-08, 0.56551021337509, -7.208929986291e-08, 1, -7.3843899883741e-08, -0.56551021337509, -1.01669350272e-07, -0.82474130392075)}",
    "217": "{    {        RemoteEvent = game:GetService(\"ReplicatedStorage\").RemoteEvents.MakeIconOnMap,        BindableEvent = {            BindableEvent = .Event --[[Nil Parent]]        },        Name = \"MakeIconOnMap\"    }}",
    "143": "{    {        RemoteEvent = game:GetService(\"ReplicatedStorage\").RemoteEvents.SetPopUpMessage,        BindableEvent = {            BindableEvent = .Event --[[Nil Parent]]        },        Name = \"SetPopUpMessage\"    }}",
    "222": "ToggleDoor",
    "122": "{    [\"Small Tree\"] --[[Nil Parent]],    game:GetService(\"Players\").LocalPlayer.Inventory[\"Old Axe\"],    \"31_8401342884\",    CFrame.new(51.158626556396, 4.0226559638977, -39.175685882568, 0.99715137481689, 1.763361678897e-10, -0.07542610168457, -6.3613214695835e-10, 1, -6.0719544947574e-09, 0.07542610168457, 6.102638838712e-09, 0.99715137481689)}",
    "234": "{    game:GetService(\"Players\").LocalPlayer.Inventory[\"Old Sack\"],    game:GetService(\"Players\").LocalPlayer.ItemBag.Coal}",
    "233": "{    game:GetService(\"Players\").LocalPlayer.ItemBag.Coal}",
    "140": "SetPopUpMessage",
    "223": "game:GetService(\"ReplicatedStorage\").RemoteEvents.ToggleDoor",
    "231": "{    game:GetService(\"Players\").LocalPlayer.ItemBag[\"Sheet Metal\"]}",
    "129": "game:GetService(\"ReplicatedStorage\").RemoteEvents.RequestScrapItem",
    "230": "{    \"FireAllClients\",    workspace.Map.Landmarks[\"Log Cabin\"].Closet.ClosetDoors,    true}",
    "229": "{    \"FireAllClients\",    \"DoorToggle\",    {        Instance = workspace.Map.Landmarks[\"Log Cabin\"].Closet.ClosetDoors.DoorLeft.Main,        Volume = 0.3    }}",
    "121": "{    [\"Small Tree\"] --[[Nil Parent]],    game:GetService(\"Players\").LocalPlayer.Inventory[\"Old Axe\"],    \"30_8401342884\",    CFrame.new(51.158626556396, 4.0226559638977, -39.175685882568, 0.99715137481689, -2.3446784513936e-09, -0.07542610168457, 8.4582856274551e-09, 1, 8.0734814389416e-08, 0.07542610168457, -8.1142808028289e-08, 0.99715137481689)}",
    "221": "{    \"FireAllClients\",    \"DoorToggle\",    {        Instance = workspace.Map.Landmarks[\"Log Cabin\"]:GetChildren()[18].Main,        Volume = 0.3    }}",
    "148": "{    [\"Small Tree\"] --[[Nil Parent]],    CFrame.new(-28.816759109497, 3.061253786087, 70.337509155273, -0.82471919059753, 0, 0.56554269790649, 0, 1, 0, -0.56554269790649, 0, -0.82471919059753)}",
    "165": "MapDrawRemoveFogBlock",
    "228": "{    game:GetService(\"Players\").LocalPlayer.Inventory[\"Old Sack\"],    game:GetService(\"Players\").LocalPlayer.ItemBag:GetChildren()[2]}",
    "248": "{    \"FireAllClients\",    workspace.Map.Landmarks[\"Log Cabin\"]:GetChildren()[3].ClosetDoors,    true}",
    "215": "game:GetService(\"ReplicatedStorage\").RemoteEvents.MakeIconOnMap",
    "12": "PlayEnemyHitSound",
    "22": "game:GetService(\"ReplicatedStorage\").RemoteEvents.ToolDamageObject",
    "32": "{    [\"Small Tree\"] --[[Nil Parent]],    game:GetService(\"Players\").LocalPlayer.Inventory[\"Old Axe\"],    \"2_8401342884\",    CFrame.new(1.4462873935699, 3.8565876483917, 62.373195648193, -0.99771374464035, 0, 0.067581310868263, 0, 1, 0, -0.067581310868263, 0, -0.99771374464035)}",
    "196": "{    game:GetService(\"Players\").LocalPlayer.Inventory[\"Old Sack\"],    workspace.Items[\"Bunny Foot\"],    true}",
    "95": "RequestBurnItem",
    "85": "{    .Log --[[Nil Parent]]}",
    "75": "UnequipItemHandle",
    "65": "{    .Bunny --[[Nil Parent]],    game:GetService(\"Players\").LocalPlayer.Inventory[\"Old Axe\"],    \"14_8401342884\",    CFrame.new(-9.550274848938, 4.0218744277954, -77.107276916504, 0.98694497346878, 0, -0.16105763614178, 0, 1, 0, 0.16105763614178, 0, 0.98694497346878)}",
    "55": "game:GetService(\"ReplicatedStorage\").RemoteEvents.PlayerSprinting",
    "45": "game:GetService(\"ReplicatedStorage\").RemoteEvents.DestroyObject",
    "35": "{    [\"Small Tree\"] --[[Nil Parent]],    game:GetService(\"Players\").LocalPlayer.Inventory[\"Old Axe\"],    \"5_8401342884\",    CFrame.new(1.4462873935699, 3.8565876483917, 62.373195648193, -0.99771374464035, 0, 0.067581310868263, 0, 1, 0, -0.067581310868263, 0, -0.99771374464035)}",
    "225": "{    game:GetService(\"Players\").LocalPlayer.ItemBag.Chair}",
    "193": "{    {        RemoteEvent = game:GetService(\"ReplicatedStorage\").RemoteEvents.FlashlightWarning,        BindableEvent = {            BindableEvent = .Event --[[Nil Parent]]        },        Name = \"FlashlightWarning\"    }}",
    "116": "{    [\"Small Tree\"] --[[Nil Parent]],    game:GetService(\"Players\").LocalPlayer.Inventory[\"Old Axe\"],    \"25_8401342884\",    CFrame.new(51.158626556396, 4.0226559638977, -39.175685882568, 0.99715137481689, 1.9809369700141e-09, -0.07542610168457, -7.1455872330262e-09, 1, -6.8203114267362e-08, 0.07542610168457, 6.8547798548479e-08, 0.99715137481689)}",
    "224": "{    \"FireAllClients\",    workspace.Map.Landmarks[\"Log Cabin\"]:GetChildren()[18],    true}",
    "132": "{    [\"Small Tree\"] --[[Nil Parent]],    game:GetService(\"Players\").LocalPlayer.Inventory[\"Old Axe\"],    \"33_8401342884\",    CFrame.new(-28.816759109497, 3.061253786087, 70.337509155273, -0.82474130392075, -1.6600899543917e-09, 0.56551021337509, -6.7024017447181e-09, 1, -6.8392354002356e-09, -0.56551021337509, -9.4308765241635e-09, -0.82474130392075)}",
    "232": "{    game:GetService(\"Players\").LocalPlayer.Inventory[\"Old Sack\"],    game:GetService(\"Players\").LocalPlayer.ItemBag[\"Sheet Metal\"]}",
    "203": "{    \"FireAllClients\",    .Part --[[Nil Parent]]}",
    "219": "{    120,    -160}",
    "1": "EquipItemHandle",
    "218": "{    120,    -120}",
    "3": "game:GetService(\"ReplicatedStorage\").RemoteEvents.EquipItemHandle",
    "2": "RemoteEvent",
    "5": "game:GetService(\"Players\").LocalPlayer.PlayerScripts.LoadClient",
    "4": "FireServer",
    "7": "FireOtherClients",
    "6": "{    \"FireAllClients\",    game:GetService(\"Players\").LocalPlayer.Inventory[\"Old Axe\"]}",
    "25": "8ef9db0b3e740b6d24c5553eac15120f91a00df99434c0d55069fa781c051cfd18472962ed2e987dc628a58579d06647",
    "8": "Players.nsopnet.PlayerScripts.Client.UtilityModules.Events",
    "135": "{    [\"Small Tree\"] --[[Nil Parent]],    game:GetService(\"Players\").LocalPlayer.Inventory[\"Old Axe\"],    \"36_8401342884\",    CFrame.new(-28.816759109497, 3.061253786087, 70.337509155273, -0.82474130392075, -1.3578672408698e-08, 0.56551021337509, -5.5307435076202e-08, 1, -5.6649113844287e-08, -0.56551021337509, -7.7997782454986e-08, -0.82474130392075)}",
    "235": "RequestOpenItemChest",
    "110": "{    [\"Small Tree\"] --[[Nil Parent]],    game:GetService(\"Players\").LocalPlayer.Inventory[\"Old Axe\"],    \"19_8401342884\",    CFrame.new(51.158626556396, 4.0226559638977, -39.175685882568, 0.99715137481689, 1.4681845739162e-09, -0.07542610168457, -1.4547539839427e-09, 1, 2.330043102905e-10, 0.07542610168457, -1.2261415494041e-10, 0.99715137481689)}",
    "210": "{    160,    -80}",
    "198": "DayDisplay",
    "216": "{    \"LargeStructure\",    80,    -320,    {        Visible = false    }}",
    "94": "{    \"FireAllClients\",    \"BagDrop\",    {        Instance = game:GetService(\"Players\").LocalPlayer.Character.Head,        Volume = 0.25    }}",
    "182": "{    [\"Small Tree\"] --[[Nil Parent]],    game:GetService(\"Players\").LocalPlayer.Inventory[\"Old Axe\"],    \"51_8401342884\",    CFrame.new(42.588069915771, 4.0360465049744, 40.418231964111, -0.69612377882004, -4.1975859232934e-08, -0.7179217338562, -4.1917378013068e-08, 1, -1.7823913012194e-08, 0.7179217338562, 1.7685747977225e-08, -0.69612377882004)}",
    "74": "{    \"FireAllClients\",    game:GetService(\"Players\").LocalPlayer.Inventory[\"Old Sack\"]}",
    "84": "game:GetService(\"ReplicatedStorage\").RemoteEvents.StopDraggingItem",
    "54": "PlayerSprinting",
    "64": "{    \"FireAllClients\",    \"WeaponHit\",    {        Instance = game:GetService(\"Players\").LocalPlayer.Character.Head,        Volume = 0.4    }}",
    "34": "{    [\"Small Tree\"] --[[Nil Parent]],    game:GetService(\"Players\").LocalPlayer.Inventory[\"Old Axe\"],    \"4_8401342884\",    CFrame.new(1.4462873935699, 3.8565876483917, 62.373195648193, -0.99771374464035, 0, 0.067581310868263, 0, 1, 0, -0.067581310868263, 0, -0.99771374464035)}",
    "44": "DestroyObject",
    "226": "{    game:GetService(\"Players\").LocalPlayer.Inventory[\"Old Sack\"],    game:GetService(\"Players\").LocalPlayer.ItemBag.Chair}",
    "214": "MakeIconOnMap",
    "213": "{    160,    -120}",
    "126": "{    1}",
    "191": "FlashlightWarning",
    "190": "{    .Sapling --[[Nil Parent]],    Vector3.new(-15.803287506104, 0.99103689193726, 44.674419403076)}",
    "202": "game:GetService(\"Players\").LocalPlayer.PlayerScripts.Client.EffectModules.FogEffectModule",
    "102": "{    game:GetService(\"Players\").LocalPlayer.Inventory[\"Old Sack\"],    [\"Cooked Morsel\"] --[[Nil Parent]],    false}",
    "209": "{    160,    -40}",
    "208": "{    200,    -40}",
    "144": "{    [\"Small Tree\"] --[[Nil Parent]],    game:GetService(\"Players\").LocalPlayer.Inventory[\"Old Axe\"],    \"41_8401342884\",    CFrame.new(-28.816759109497, 3.061253786087, 70.337509155273, -0.82474130392075, 1.650021275168e-08, 0.56551021337509, 6.7215175647561e-08, 1, 6.8849189460707e-08, -0.56551021337509, 9.4793641380875e-08, -0.82474130392075)}",
    "244": "{    80,    -240}",
    "101": "{    game:GetService(\"Players\").LocalPlayer.Inventory[\"Old Sack\"],    [\"Cooked Morsel\"] --[[Nil Parent]]}",
    "201": "{    {        RemoteEvent = game:GetService(\"ReplicatedStorage\").RemoteEvents.DayDisplay,        BindableEvent = {            BindableEvent = .Event --[[Nil Parent]]        },        Name = \"DayDisplay\"    }}",
    "189": "{    [\"Small Tree\"] --[[Nil Parent]],    CFrame.new(42.970867156982, 4.0360465049744, 40.266956329346, -0.48727655410767, 0, -0.8732476234436, 0, 1, 0, 0.8732476234436, 0, -0.48727655410767)}",
    "206": "{    200,    40}",
    "14": "game:GetService(\"Players\").LocalPlayer.PlayerScripts.Client.InteractionHandler",
    "24": "{    [\"Small Tree\"] --[[Nil Parent]],    game:GetService(\"Players\").LocalPlayer.Inventory[\"Old Axe\"],    \"1_8401342884\",    CFrame.new(1.4462873935699, 3.8565876483917, 62.373195648193, -0.99771374464035, 0, 0.067581310868263, 0, 1, 0, -0.067581310868263, 0, -0.99771374464035)}",
    "128": "RequestScrapItem",
    "145": "{    [\"Small Tree\"] --[[Nil Parent]],    game:GetService(\"Players\").LocalPlayer.Inventory[\"Old Axe\"],    \"42_8401342884\",    CFrame.new(-28.816759109497, 3.061253786087, 70.337509155273, -0.82474130392075, -7.8371742429084e-10, 0.56551021337509, -3.1925013743717e-09, 1, -3.2700917529382e-09, -0.56551021337509, -4.5023718087123e-09, -0.82474130392075)}",
    "205": "{    160,    40}",
    "204": "{    160,    0}",
    "220": "{    120,    -200}",
    "120": "{    [\"Small Tree\"] --[[Nil Parent]],    game:GetService(\"Players\").LocalPlayer.Inventory[\"Old Axe\"],    \"29_8401342884\",    CFrame.new(51.158626556396, 4.0226559638977, -39.175685882568, 0.99715137481689, 3.0703219966455e-09, -0.07542610168457, -1.1075828254548e-08, 1, -1.0571878306109e-07, 0.07542610168457, 1.0625303303868e-07, 0.99715137481689)}",
    "87": "game:GetService(\"ReplicatedStorage\").RemoteEvents.RequestBagStoreItem",
    "77": "RequestStartDraggingItem",
    "176": "{    [\"Small Tree\"] --[[Nil Parent]],    game:GetService(\"Players\").LocalPlayer.Inventory[\"Old Axe\"],    \"45_8401342884\",    CFrame.new(42.588069915771, 4.0360465049744, 40.418231964111, -0.69612377882004, -2.913056817988e-08, -0.7179217338562, -2.915123964442e-08, 1, -1.2310111152658e-08, 0.7179217338562, 1.2358948531244e-08, -0.69612377882004)}",
    "97": "game:GetService(\"Players\").LocalPlayer.PlayerScripts.Client.CampsiteModules.FireSourceModule",
    "47": "game:GetService(\"Players\").LocalPlayer.PlayerScripts.Client.UtilityModules.Events",
    "37": "{    [\"Small Tree\"] --[[Nil Parent]],    game:GetService(\"Players\").LocalPlayer.Inventory[\"Old Axe\"],    \"7_8401342884\",    CFrame.new(1.4462873935699, 3.8565876483917, 62.373195648193, -0.99771374464035, 0, 0.067581310868263, 0, 1, 0, -0.067581310868263, 0, -0.99771374464035)}",
    "67": "{    .Bunny --[[Nil Parent]],    game:GetService(\"Players\").LocalPlayer.Inventory[\"Old Axe\"],    \"16_8401342884\",    CFrame.new(-45.111152648926, 4.2750115394592, -25.436889648438, -0.72271704673767, 0, 0.69114404916763, 0, 1, 0, -0.69114404916763, 0, -0.72271704673767)}",
    "57": "0964d4db3620af7664d7691f2a0d6525cadad9e743dddbc8c8415c8693560d8fdc0bfd0527b9d0fed74c7c01165b820d",
    "173": "{    -120,    -80}",
    "161": "FireUpgradeVisuals",
    "168": "{    {        RemoteEvent = game:GetService(\"ReplicatedStorage\").RemoteEvents.MapDrawRemoveFogBlock,        BindableEvent = {            BindableEvent = .Event --[[Nil Parent]]        },        Name = \"MapDrawRemoveFogBlock\"    }}",
    "177": "{    [\"Small Tree\"] --[[Nil Parent]],    game:GetService(\"Players\").LocalPlayer.Inventory[\"Old Axe\"],    \"46_8401342884\",    CFrame.new(42.588069915771, 4.0360465049744, 40.418231964111, -0.69612377882004, 4.6798636077483e-09, -0.7179217338562, 4.6952477461559e-09, 1, 1.9659383010406e-09, 0.7179217338562, -2.0022838942424e-09, -0.69612377882004)}",
    "197": "{    \"Day\",    6}",
    "195": "{    game:GetService(\"Players\").LocalPlayer.Inventory[\"Old Sack\"],    workspace.Items[\"Bunny Foot\"]}",
    "112": "{    [\"Small Tree\"] --[[Nil Parent]],    game:GetService(\"Players\").LocalPlayer.Inventory[\"Old Axe\"],    \"21_8401342884\",    CFrame.new(51.158626556396, 4.0226559638977, -39.175685882568, 0.99715137481689, -2.5335238351687e-09, -0.07542610168457, 9.1684313474616e-09, 1, 8.7619397959315e-08, 0.07542610168457, -8.8061348435531e-08, 0.99715137481689)}",
    "212": "{    200,    -120}",
    "192": "game:GetService(\"ReplicatedStorage\").RemoteEvents.FlashlightWarning",
    "115": "{    [\"Small Tree\"] --[[Nil Parent]],    game:GetService(\"Players\").LocalPlayer.Inventory[\"Old Axe\"],    \"24_8401342884\",    CFrame.new(51.158626556396, 4.0226559638977, -39.175685882568, 0.99715137481689, -1.8373202959054e-09, -0.07542610168457, 6.6274679078049e-09, 1, 6.3257523663651e-08, 0.07542610168457, -6.3577211051324e-08, 0.99715137481689)}",
    "194": "{    workspace.Items[\"Bunny Foot\"]}",
    "170": "{    120,    80}",
    "211": "{    200,    -80}",
    "111": "{    [\"Small Tree\"] --[[Nil Parent]],    game:GetService(\"Players\").LocalPlayer.Inventory[\"Old Axe\"],    \"20_8401342884\",    CFrame.new(51.158626556396, 4.0226559638977, -39.175685882568, 0.99715137481689, 3.3573193114478e-09, -0.07542610168457, -1.2783304192965e-08, 1, -1.2448700204004e-07, 0.07542610168457, 1.250965908639e-07, 0.99715137481689)}",
    "139": "{    [\"Small Tree\"] --[[Nil Parent]],    game:GetService(\"Players\").LocalPlayer.Inventory[\"Old Axe\"],    \"40_8401342884\",    CFrame.new(-28.816759109497, 3.061253786087, 70.337509155273, -0.82474130392075, -4.1184731180977e-09, 0.56551021337509, -1.6776697364662e-08, 1, -1.7184413891869e-08, -0.56551021337509, -2.3660090775479e-08, -0.82474130392075)}",
    "199": "game:GetService(\"ReplicatedStorage\").RemoteEvents.DayDisplay",
    "114": "{    [\"Small Tree\"] --[[Nil Parent]],    game:GetService(\"Players\").LocalPlayer.Inventory[\"Old Axe\"],    \"23_8401342884\",    CFrame.new(51.158626556396, 4.0226559638977, -39.175685882568, 0.99715137481689, 5.505522149285e-10, -0.07542610168457, -1.9859893729546e-09, 1, -1.8956034963935e-08, 0.07542610168457, 1.9051832111927e-08, 0.99715137481689)}",
    "119": "{    [\"Small Tree\"] --[[Nil Parent]],    game:GetService(\"Players\").LocalPlayer.Inventory[\"Old Axe\"],    \"28_8401342884\",    CFrame.new(51.158626556396, 4.0226559638977, -39.175685882568, 0.99715137481689, -2.2809658606349e-09, -0.07542610168457, 8.2281914615123e-09, 1, 7.8537624403907e-08, 0.07542610168457, -7.8934519365248e-08, 0.99715137481689)}",
    "27": "RequestReplicateSound",
    "17": "bbf90e5eda7419d4f880ab3d75e0efe52136d5f4c550bd02d8211b942ce51e002947250edcf1ac2425037a0e94abaf48",
    "178": "{    [\"Small Tree\"] --[[Nil Parent]],    game:GetService(\"Players\").LocalPlayer.Inventory[\"Old Axe\"],    \"47_8401342884\",    CFrame.new(42.588069915771, 4.0360465049744, 40.418231964111, -0.69612377882004, 3.8283273578153e-13, -0.7179217338562, 1.1940960373269e-12, 1, -6.2458892224893e-13, 0.7179217338562, -1.2920587993612e-12, -0.69612377882004)}",
    "181": "{    [\"Small Tree\"] --[[Nil Parent]],    game:GetService(\"Players\").LocalPlayer.Inventory[\"Old Axe\"],    \"50_8401342884\",    CFrame.new(42.588069915771, 4.0360465049744, 40.418231964111, -0.69612377882004, -3.0689555785557e-08, -0.7179217338562, -3.0646813087287e-08, 1, -1.3031473677927e-08, 0.7179217338562, 1.2930494008856e-08, -0.69612377882004)}",
    "117": "{    [\"Small Tree\"] --[[Nil Parent]],    game:GetService(\"Players\").LocalPlayer.Inventory[\"Old Axe\"],    \"26_8401342884\",    CFrame.new(51.158626556396, 4.0226559638977, -39.175685882568, 0.99715137481689, -2.5052551144711e-09, -0.07542610168457, 9.0369818295244e-09, 1, 8.6256392251016e-08, 0.07542610168457, -8.6692310219405e-08, 0.99715137481689)}",
    "184": "{    [\"Small Tree\"] --[[Nil Parent]],    game:GetService(\"Players\").LocalPlayer.Inventory[\"Old Axe\"],    \"53_8401342884\",    CFrame.new(42.588069915771, 4.0360465049744, 40.418231964111, -0.69612377882004, 1.0123018512331e-07, -0.7179217338562, 1.0108865211578e-07, 1, 4.2985142556518e-08, 0.7179217338562, -4.2650764697783e-08, -0.69612377882004)}",
    "107": "RequestConsumeItem",
    "86": "RequestBagStoreItem",
    "96": "game:GetService(\"ReplicatedStorage\").RemoteEvents.RequestBurnItem",
    "186": "{    [\"Small Tree\"] --[[Nil Parent]],    game:GetService(\"Players\").LocalPlayer.Inventory[\"Old Axe\"],    \"55_8401342884\",    CFrame.new(42.588069915771, 4.0360465049744, 40.418231964111, -0.69612377882004, -4.6277982335141e-08, -0.7179217338562, -4.6213070703516e-08, 1, -1.9651112737051e-08, 0.7179217338562, 1.9497761627463e-08, -0.69612377882004)}",
    "36": "{    [\"Small Tree\"] --[[Nil Parent]],    game:GetService(\"Players\").LocalPlayer.Inventory[\"Old Axe\"],    \"6_8401342884\",    CFrame.new(1.4462873935699, 3.8565876483917, 62.373195648193, -0.99771374464035, 0, 0.067581310868263, 0, 1, 0, -0.067581310868263, 0, -0.99771374464035)}",
    "46": "OnClientEvent",
    "103": "RequestCookItem",
    "66": "{    .Bunny --[[Nil Parent]],    game:GetService(\"Players\").LocalPlayer.Inventory[\"Old Axe\"],    \"15_8401342884\",    CFrame.new(-3.2178475856781, 4.0218348503113, -69.51309967041, -0.98094940185547, 0, 0.19426348805428, 0, 1, 0, -0.19426348805428, 0, -0.98094940185547)}",
    "183": "{    [\"Small Tree\"] --[[Nil Parent]],    game:GetService(\"Players\").LocalPlayer.Inventory[\"Old Axe\"],    \"52_8401342884\",    CFrame.new(42.588069915771, 4.0360465049744, 40.418231964111, -0.69612377882004, -5.4471112065357e-08, -0.7179217338562, -5.4395083992631e-08, 1, -2.3129816284495e-08, 0.7179217338562, 2.2950198186322e-08, -0.69612377882004)}",
    "106": "{    game:GetService(\"Players\").LocalPlayer.Inventory[\"Old Sack\"],    [\"Cooked Morsel\"] --[[Nil Parent]],    true}",
    "187": "{    [\"Small Tree\"] --[[Nil Parent]],    game:GetService(\"Players\").LocalPlayer.Inventory[\"Old Axe\"],    \"56_8401342884\",    CFrame.new(42.588069915771, 4.0360465049744, 40.418231964111, -0.69612377882004, 8.5560024842835e-08, -0.7179217338562, 8.5439793906517e-08, 1, 3.6331744723839e-08, 0.7179217338562, -3.6047691054364e-08, -0.69612377882004)}",
    "76": "game:GetService(\"ReplicatedStorage\").RemoteEvents.UnequipItemHandle",
    "175": "{    -80,    120}",
    "155": "{    {        RemoteEvent = game:GetService(\"ReplicatedStorage\").RemoteEvents.ChangeColorCorrection,        BindableEvent = {            BindableEvent = .Event --[[Nil Parent]]        },        Name = \"ChangeColorCorrection\"    }}",
    "172": "{    -120,    80}",
    "136": "{    [\"Small Tree\"] --[[Nil Parent]],    game:GetService(\"Players\").LocalPlayer.Inventory[\"Old Axe\"],    \"37_8401342884\",    CFrame.new(-28.816759109497, 3.061253786087, 70.337509155273, -0.82474130392075, 1.6907760524987e-08, 0.56551021337509, 6.8868530433974e-08, 1, 7.0539776686473e-08, -0.56551021337509, 9.7122928366389e-08, -0.82474130392075)}",
    "125": "game:GetService(\"ReplicatedStorage\").RemoteEvents.TutorialEnd",
    "108": "game:GetService(\"ReplicatedStorage\").RemoteEvents.RequestConsumeItem",
    "167": "{    80,    -120}",
    "180": "{    [\"Small Tree\"] --[[Nil Parent]],    game:GetService(\"Players\").LocalPlayer.Inventory[\"Old Axe\"],    \"49_8401342884\",    CFrame.new(42.588069915771, 4.0360465049744, 40.418231964111, -0.69612377882004, -8.3476393797355e-08, -0.7179217338562, -8.3360390590315e-08, 1, -3.544570148506e-08, 0.7179217338562, 3.5171641599163e-08, -0.69612377882004)}",
    "169": "{    -80,    -120}",
    "166": "game:GetService(\"ReplicatedStorage\").RemoteEvents.MapDrawRemoveFogBlock",
    "164": "{    {        RemoteEvent = game:GetService(\"ReplicatedStorage\").RemoteEvents.FireUpgradeVisuals,        BindableEvent = {            BindableEvent = .Event --[[Nil Parent]]        },        Name = \"FireUpgradeVisuals\"    }}",
    "163": "{    2}",
    "162": "game:GetService(\"ReplicatedStorage\").RemoteEvents.FireUpgradeVisuals",
    "124": "TutorialEnd",
    "16": "FireAllClients",
    "26": "{    \"RemoteFunction\",    \"rawget\",    [4] = \"InvokeServer\",    [5] = \"warn\",    [7] = \"Remote function does not exist for event\",    [8] = \"Name\"}",
    "200": "{    2,    1,    {},    {        npcs = {            \"Pelt Trader\"        },        berries = 0,        rain = 19,        plants = {},        attack = 15    }}",
    "100": "{    [\"Cooked Morsel\"] --[[Nil Parent]]}",
    "160": "{    {        RemoteEvent = game:GetService(\"ReplicatedStorage\").RemoteEvents.FadeOutFogBlock,        BindableEvent = {            BindableEvent = .Event --[[Nil Parent]]        },        Name = \"FadeOutFogBlock\"    }}",
    "188": "{    [\"Small Tree\"] --[[Nil Parent]],    game:GetService(\"Players\").LocalPlayer.Inventory[\"Old Axe\"],    \"57_8401342884\",    CFrame.new(42.970867156982, 4.0360465049744, 40.266956329346, -0.4872961640358, 4.2756553852996e-08, -0.87323677539825, 3.85386620394e-08, 1, 2.7457401685638e-08, 0.87323677539825, -2.0273489553801e-08, -0.4872961640358)}",
    "71": "game:GetService(\"ReplicatedStorage\").RemoteEvents.PlayDeathAnimation",
    "61": "game:GetService(\"ReplicatedStorage\").RemoteEvents.AnalyticsTimeFirstPerson",
    "51": "1fc9826231362a4cfddfa3ff173bd6c1d3cc3626d96616d2af78bca1dc649692ef36d3bbdc44e000f71ee033dc147c33",
    "41": "{    [\"Small Tree\"] --[[Nil Parent]],    game:GetService(\"Players\").LocalPlayer.Inventory[\"Old Axe\"],    \"11_8401342884\",    CFrame.new(1.4462873935699, 3.8565876483917, 62.373195648193, -0.99771374464035, 0, 0.067581310868263, 0, 1, 0, -0.067581310868263, 0, -0.99771374464035)}",
    "157": "FadeOutFogBlock",
    "156": "{    \"FIRE REACHED 100%. The Map has grown bigger\",    \"note\"}",
    "91": "RequestBagDropItem",
    "81": "game:GetService(\"ReplicatedStorage\").RemoteEvents.RequestPlantItem",
    "59": "{    false}",
    "49": "Anonymous",
    "39": "{    [\"Small Tree\"] --[[Nil Parent]],    game:GetService(\"Players\").LocalPlayer.Inventory[\"Old Axe\"],    \"9_8401342884\",    CFrame.new(1.4462873935699, 3.8565876483917, 62.373195648193, -0.99771374464035, 0, 0.067581310868263, 0, 1, 0, -0.067581310868263, 0, -0.99771374464035)}",
    "29": "{    \"FireAllClients\",    \"WoodChop\",    {        Instance = game:GetService(\"Players\").LocalPlayer.Character.Head,        Volume = 0.4    }}",
    "99": "{    game:GetService(\"Players\").LocalPlayer.Inventory[\"Old Sack\"],    .Log --[[Nil Parent]],    true}",
    "89": "{    {        Success = true,        Cooked = false    }}",
    "79": "{    .Sapling --[[Nil Parent]]}",
    "69": "{    .Bunny --[[Nil Parent]],    game:GetService(\"Players\").LocalPlayer.Inventory[\"Old Axe\"],    \"18_8401342884\",    CFrame.new(-10.06676197052, 3.9945542812347, -24.537702560425, -0.29569348692894, 0, -0.9552828669548, 0, 1, 0, 0.9552828669548, 0, -0.29569348692894)}",
    "174": "{    80,    120}",
    "150": "{    game:GetService(\"Players\").LocalPlayer.Inventory[\"Old Sack\"],    .Sapling --[[Nil Parent]],    false}",
    "153": "game:GetService(\"ReplicatedStorage\").RemoteEvents.ChangeColorCorrection",
    "152": "ChangeColorCorrection",
    "19": "{    \"BindableEvent\",    \"Fire\",    \"RemoteEvent\",    \"rawget\",    [6] = \"FireAllClients\",    [7] = \"FireServer\",    [8] = \"warn\",    [10] = \"Remote event does not exist for event\",    [11] = \"Name\"}",
    "179": "{    [\"Small Tree\"] --[[Nil Parent]],    game:GetService(\"Players\").LocalPlayer.Inventory[\"Old Axe\"],    \"48_8401342884\",    CFrame.new(42.588069915771, 4.0360465049744, 40.418231964111, -0.69612377882004, 8.8262751773982e-08, -0.7179217338562, 8.814035368232e-08, 1, 3.7477839498479e-08, 0.7179217338562, -3.7188659263165e-08, -0.69612377882004)}",
    "146": "{    [\"Small Tree\"] --[[Nil Parent]],    game:GetService(\"Players\").LocalPlayer.Inventory[\"Old Axe\"],    \"43_8401342884\",    CFrame.new(-28.816759109497, 3.061253786087, 70.337509155273, -0.82474130392075, 2.8827653597574e-09, 0.56551021337509, 1.1743612304826e-08, 1, 1.2029272689063e-08, -0.56551021337509, 1.6562170301881e-08, -0.82474130392075)}",
    "142": "{    \"night is approaching\",    \"night\"}",
    "56": "{    true}",
    "158": "game:GetService(\"ReplicatedStorage\").RemoteEvents.FadeOutFogBlock",
    "171": "{    120,    -80}",
    "134": "{    [\"Small Tree\"] --[[Nil Parent]],    game:GetService(\"Players\").LocalPlayer.Inventory[\"Old Axe\"],    \"35_8401342884\",    CFrame.new(-28.816759109497, 3.061253786087, 70.337509155273, -0.82474130392075, -1.8414690217128e-08, 0.56551021337509, -7.5002027699611e-08, 1, -7.6820150241019e-08, -0.56551021337509, -1.0577116427157e-07, -0.82474130392075)}",
    "31": "{    {        Success = true    }}",
    "21": "RemoteFunction",
    "11": "{    \"RemoteEvent\",    \"rawget\",    [4] = \"FireAllClients\",    [5] = \"FireServer\",    [6] = \"warn\",    [8] = \"Remote event does not exist for event\",    [9] = \"Name\"}",
    "133": "{    [\"Small Tree\"] --[[Nil Parent]],    game:GetService(\"Players\").LocalPlayer.Inventory[\"Old Axe\"],    \"34_8401342884\",    CFrame.new(-28.816759109497, 3.061253786087, 70.337509155273, -0.82474130392075, 1.042002573115e-08, 0.56551021337509, 4.2431882008032e-08, 1, 4.3456861220648e-08, -0.56551021337509, 5.983633144524e-08, -0.82474130392075)}",
    "60": "AnalyticsTimeFirstPerson",
    "70": "PlayDeathAnimation",
    "40": "{    [\"Small Tree\"] --[[Nil Parent]],    game:GetService(\"Players\").LocalPlayer.Inventory[\"Old Axe\"],    \"10_8401342884\",    CFrame.new(1.4462873935699, 3.8565876483917, 62.373195648193, -0.99771374464035, 0, 0.067581310868263, 0, 1, 0, -0.067581310868263, 0, -0.99771374464035)}",
    "50": "Unknown",
    "131": "{    [\"Small Tree\"] --[[Nil Parent]],    game:GetService(\"Players\").LocalPlayer.Inventory[\"Old Axe\"],    \"32_8401342884\",    CFrame.new(-28.816759109497, 3.061253786087, 70.337509155273, -0.82474130392075, 5.3785553788543e-09, 0.56551021337509, 2.0654667309827e-08, 1, 2.0611832241002e-08, -0.56551021337509, 2.8679854935376e-08, -0.82474130392075)}",
    "242": "{    \"FireAllClients\",    workspace.Map.Landmarks[\"Log Cabin\"]:GetChildren()[20],    true}",
    "80": "RequestPlantItem",
    "90": "{    \"FireAllClients\",    \"BagGet\",    {        Instance = game:GetService(\"Players\").LocalPlayer.Character.Head,        Volume = 0.25    }}",
    "48": "{    [\"Small Tree\"] --[[Nil Parent]],    CFrame.new(1.4462873935699, 3.8565876483917, 62.373195648193, -0.99771583080292, 0, 0.067551523447037, 0, 1, 0, -0.067551523447037, 0, -0.99771583080292)}",
    "58": "{    \"RemoteEvent\",    \"rawget\",    [4] = \"FireServer\",    [5] = \"warn\",    [7] = \"Remote event does not exist for event\",    [8] = \"Name\"}",
    "28": "game:GetService(\"ReplicatedStorage\").RemoteEvents.RequestReplicateSound",
    "38": "{    [\"Small Tree\"] --[[Nil Parent]],    game:GetService(\"Players\").LocalPlayer.Inventory[\"Old Axe\"],    \"8_8401342884\",    CFrame.new(1.4462873935699, 3.8565876483917, 62.373195648193, -0.99771374464035, 0, 0.067581310868263, 0, 1, 0, -0.067581310868263, 0, -0.99771374464035)}",
    "88": "{    game:GetService(\"Players\").LocalPlayer.Inventory[\"Old Sack\"],    .Log --[[Nil Parent]]}",
    "98": "{    workspace.Map.Campground.MainFire,    .Log --[[Nil Parent]]}",
    "68": "{    .Bunny --[[Nil Parent]],    game:GetService(\"Players\").LocalPlayer.Inventory[\"Old Axe\"],    \"17_8401342884\",    CFrame.new(-20.248611450195, 3.9163904190063, -26.091239929199, -0.44880160689354, 0, -0.89363139867783, 0, 1, 0, 0.89363139867783, 0, -0.44880160689354)}",
    "78": "game:GetService(\"ReplicatedStorage\").RemoteEvents.RequestStartDraggingItem",
    "127": "{    {        RemoteEvent = game:GetService(\"ReplicatedStorage\").RemoteEvents.TutorialEnd,        BindableEvent = {            BindableEvent = .Event --[[Nil Parent]]        },        Name = \"TutorialEnd\"    }}",
    "149": "{    game:GetService(\"Players\").LocalPlayer.Inventory[\"Old Sack\"],    .Sapling --[[Nil Parent]]}",
    "105": "{    workspace.Map.Campground.MainFire,    [\"Cooked Morsel\"] --[[Nil Parent]]}",
    "123": "{    [\"Small Tree\"] --[[Nil Parent]],    CFrame.new(51.158626556396, 4.0226559638977, -39.175685882568, 0.99715399742126, -0, -0.075391739606857, 0, 1, -0, 0.075391739606857, 0, 0.99715399742126)}",
    "9": "aa39ac63239108cfa21a4866f294cdc519399c76890294f5fe74daded1530f5b406c3a843a850c1edfeafb6b0328691f",
    "18": "{    game:GetService(\"Players\").LocalPlayer}",
    "113": "{    [\"Small Tree\"] --[[Nil Parent]],    game:GetService(\"Players\").LocalPlayer.Inventory[\"Old Axe\"],    \"22_8401342884\",    CFrame.new(51.158626556396, 4.0226559638977, -39.175685882568, 0.99715137481689, -1.0475888906347e-10, -0.07542610168457, 3.7896452642627e-10, 1, 3.6211085241433e-09, 0.07542610168457, -3.6393772440135e-09, 0.99715137481689)}",
    "118": "{    [\"Small Tree\"] --[[Nil Parent]],    game:GetService(\"Players\").LocalPlayer.Inventory[\"Old Axe\"],    \"27_8401342884\",    CFrame.new(51.158626556396, 4.0226559638977, -39.175685882568, 0.99715137481689, 1.5316818924305e-09, -0.07542610168457, -5.5251887509655e-09, 1, -5.2737284761406e-08, 0.07542610168457, 5.3003802236162e-08, 0.99715137481689)}",
    "185": "{    [\"Small Tree\"] --[[Nil Parent]],    game:GetService(\"Players\").LocalPlayer.Inventory[\"Old Axe\"],    \"54_8401342884\",    CFrame.new(42.588069915771, 4.0360465049744, 40.418231964111, -0.69612377882004, -8.1288803244206e-08, -0.7179217338562, -8.1174924559946e-08, 1, -3.451769714502e-08, 0.7179217338562, 3.4248653690838e-08, -0.69612377882004)}",
    "141": "game:GetService(\"ReplicatedStorage\").RemoteEvents.SetPopUpMessage",
    "109": "{    \"FireAllClients\",    \"Eat\",    {        Instance = game:GetService(\"Players\").LocalPlayer.Character.Head,        Volume = 0.15    }}",
    "104": "game:GetService(\"ReplicatedStorage\").RemoteEvents.RequestCookItem",
    "20": "ToolDamageObject",
    "30": "OnClientInvoke",
    "241": "{    \"FireAllClients\",    \"DoorToggle\",    {        Instance = workspace.Map.Landmarks[\"Log Cabin\"]:GetChildren()[20].Main,        Volume = 0.3    }}",
    "10": "{}"
  },
  "event_data": [
    [
      1,2,3,4,1769408248.2964,5,6,4,7,91,8,0,0,9,10,10,11
    ],
    [
      12,2,13,4,1769408259.90484,14,15,4,16,101,8,0,0,17,18,10,19
    ],
    [
      20,21,22,23,1769408259.9055703,14,24,23,23,83,8,0,0,25,10,10,26
    ],
    [
      27,2,28,4,1769408259.9058456,14,29,4,7,91,8,0,0,9,10,10,11
    ],
    [
      20,21,22,30,1769408260.016418,14,31,30,23,83,8,0,0,25,10,10,26
    ],
    [
      12,2,13,4,1769408260.8730981,5,15,4,16,101,8,0,0,17,18,10,19
    ],
    [
      20,21,22,23,1769408260.8735616,5,32,23,23,83,8,0,0,25,10,10,26
    ],
    [
      27,2,28,4,1769408260.8739154,5,29,4,7,91,8,0,0,9,10,10,11
    ],
    [
      20,21,22,30,1769408260.9625273,5,31,30,23,83,8,0,0,25,10,10,26
    ],
    [
      12,2,13,4,1769408261.6816843,5,15,4,16,101,8,0,0,17,18,10,19
    ],
    [
      20,21,22,23,1769408261.6819222,5,33,23,23,83,8,0,0,25,10,10,26
    ],
    [
      27,2,28,4,1769408261.6821325,5,29,4,7,91,8,0,0,9,10,10,11
    ],
    [
      20,21,22,30,1769408261.771963,5,31,30,23,83,8,0,0,25,10,10,26
    ],
    [
      12,2,13,4,1769408265.2520497,14,15,4,16,101,8,0,0,17,18,10,19
    ],
    [
      20,21,22,23,1769408265.2524772,14,34,23,23,83,8,0,0,25,10,10,26
    ],
    [
      27,2,28,4,1769408265.2527807,14,29,4,7,91,8,0,0,9,10,10,11
    ],
    [
      20,21,22,30,1769408265.3251367,14,31,30,23,83,8,0,0,25,10,10,26
    ],
    [
      12,2,13,4,1769408265.9040585,14,15,4,16,101,8,0,0,17,18,10,19
    ],
    [
      20,21,22,23,1769408265.9043007,14,35,23,23,83,8,0,0,25,10,10,26
    ],
    [
      27,2,28,4,1769408265.9045029,14,29,4,7,91,8,0,0,9,10,10,11
    ],
    [
      20,21,22,30,1769408266.0158315,14,31,30,23,83,8,0,0,25,10,10,26
    ],
    [
      12,2,13,4,1769408266.4351375,14,15,4,16,101,8,0,0,17,18,10,19
    ],
    [
      20,21,22,23,1769408266.4354572,14,36,23,23,83,8,0,0,25,10,10,26
    ],
    [
      27,2,28,4,1769408266.4357085,14,29,4,7,91,8,0,0,9,10,10,11
    ],
    [
      20,21,22,30,1769408266.5400074,14,31,30,23,83,8,0,0,25,10,10,26
    ],
    [
      12,2,13,4,1769408266.9456196,14,15,4,16,101,8,0,0,17,18,10,19
    ],
    [
      20,21,22,23,1769408266.9459531,14,37,23,23,83,8,0,0,25,10,10,26
    ],
    [
      27,2,28,4,1769408266.9462352,14,29,4,7,91,8,0,0,9,10,10,11
    ],
    [
      20,21,22,30,1769408267.0430553,14,31,30,23,83,8,0,0,25,10,10,26
    ],
    [
      12,2,13,4,1769408267.4732072,14,15,4,16,101,8,0,0,17,18,10,19
    ],
    [
      20,21,22,23,1769408267.4736555,14,38,23,23,83,8,0,0,25,10,10,26
    ],
    [
      27,2,28,4,1769408267.4740705,14,29,4,7,91,8,0,0,9,10,10,11
    ],
    [
      20,21,22,30,1769408267.5754554,14,31,30,23,83,8,0,0,25,10,10,26
    ],
    [
      12,2,13,4,1769408268.0087323,14,15,4,16,101,8,0,0,17,18,10,19
    ],
    [
      20,21,22,23,1769408268.0089936,14,39,23,23,83,8,0,0,25,10,10,26
    ],
    [
      27,2,28,4,1769408268.0092366,14,29,4,7,91,8,0,0,9,10,10,11
    ],
    [
      20,21,22,30,1769408268.1177113,14,31,30,23,83,8,0,0,25,10,10,26
    ],
    [
      12,2,13,4,1769408268.5262225,14,15,4,16,101,8,0,0,17,18,10,19
    ],
    [
