<!-- Data Script -->
<script type="application/json" id="dictionary-data">
      {"53":"{\n    \"FireAllClients\",\n    {\n        CFrame.new(0, 0, 0, 0.85237050056458, 0.45477455854416, -0.25815537571907, 4.2222307428119e-08, 0.49366343021393, 0.86965304613113, 0.5229377746582, -0.7412668466568, 0.42078426480293),\n        Vector3.new(8.8239555358887, 6.2372064590454, -343.97338867188),\n        Vector3.new(-16.094079971313, -12.967628479004, 41.394062042236),\n        Vector3.new(0, -60, 0)\n    }\n}","43":"game:GetService(\"ReplicatedStorage\").RemoteEvents.AnalyticsTimeFirstPerson","63":"{\n    game:GetService(\"Players\").LocalPlayer.Inventory[\"Strong Rod\"],\n    workspace.Map.Water:GetChildren()[8],\n    Vector3.new(3.1468915939331, -3.0619859695435, -330.82568359375)\n}","47":"{\n    game:GetService(\"Players\").LocalPlayer.Inventory[\"Strong Rod\"],\n    workspace.Map.Water:GetChildren()[8],\n    Vector3.new(4.5693068504333, -3.0619859695435, -331.17922973633)\n}","37":"PlayerRodReset","67":"UnequipItemHandle","57":"{\n    \"FireAllClients\",\n    {\n        CFrame.new(0, 0, 0, 0.85237073898315, 0.4786681830883, -0.21057263016701, -8.8674475762218e-08, 0.40267246961594, 0.91534411907196, 0.52293795347214, -0.78021252155304, 0.34322628378868),\n        Vector3.new(9.0658779144287, 5.7135787010193, -344.36770629883),\n        Vector3.new(-15.996615409851, -12.010194778442, 41.948299407959),\n        Vector3.new(0, -60, 0)\n    }\n}","27":"b78fe9cea49875bcdcf1f87b4d25ec2f53d0db86df1eba8bf3e216fdbc56d19d3971c54fbd0bc1a1fd4256351d407f78","17":"game:GetService(\"ReplicatedStorage\").RemoteEvents.PlayerCastRod","13":"game:GetService(\"ReplicatedStorage\").RemoteEvents.RequestReplicateSound","33":"game:GetService(\"ReplicatedStorage\").RemoteEvents.ConfirmCatchItem","23":"RemoteFunction","42":"AnalyticsTimeFirstPerson","52":"{\n    {\n        Item = workspace.Items:GetChildren()[520],\n        Difficulty = 1\n    }\n}","62":"{\n    \"FireAllClients\",\n    CFrame.new(3.1468915939331, -3.0619859695435, -330.82568359375, 1, 0, 0, 0, 1, 0, 0, 0, 1)\n}","72":"{\n    \"BindableEvent\",\n    \"Fire\",\n    \"RemoteEvent\",\n    \"rawget\",\n    [6] = \"FireAllClients\",\n    [7] = \"FireServer\",\n    [8] = \"warn\",\n    [10] = \"Remote event does not exist for event\",\n    [11] = \"Name\"\n}","36":"{\n    \"FireAllClients\",\n    \"FishCatch\",\n    {\n        Instance = game:GetService(\"Players\").LocalPlayer.Character.Head,\n        Volume = 0.4\n    }\n}","46":"{\n    \"FireAllClients\",\n    CFrame.new(4.5693068504333, -3.0619859695435, -331.17922973633, 1, 0, 0, 0, 1, 0, 0, 0, 1)\n}","56":"{\n    {\n        Item = workspace.Items:GetChildren()[523],\n        Difficulty = 1\n    }\n}","66":"game:GetService(\"ReplicatedStorage\").RemoteEvents.EndCatching","16":"PlayerCastRod","26":"{\n    game:GetService(\"Players\").LocalPlayer.Inventory[\"Strong Rod\"],\n    workspace.Map.Water:GetChildren()[8],\n    Vector3.new(3.9984741210938, -3.0619859695435, -331.06387329102)\n}","12":"RequestReplicateSound","22":"StartCatchTimer","32":"ConfirmCatchItem","71":"{\n    game:GetService(\"Players\").LocalPlayer\n}","61":"{\n    \"FireAllClients\",\n    {\n        CFrame.new(0, 0, 0, 0.85237073898315, 0.48876681923866, -0.1859330534935, -1.0805408123815e-07, 0.35555490851402, 0.93465542793274, 0.52293795347214, -0.79667294025421, 0.30306467413902),\n        Vector3.new(9.1760511398315, 5.4070744514465, -344.54730224609),\n        Vector3.new(-18.103881835938, -11.786167144775, 41.202087402344),\n        Vector3.new(0, -60, 0)\n    }\n}","51":"{\n    game:GetService(\"Players\").LocalPlayer.Inventory[\"Strong Rod\"],\n    workspace.Map.Water:GetChildren()[8],\n    Vector3.new(3.2943465709686, -3.0619859695435, -328.99548339844)\n}","41":"{\n    \"FireAllClients\"\n}","65":"EndCatching","55":"{\n    game:GetService(\"Players\").LocalPlayer.Inventory[\"Strong Rod\"],\n    workspace.Map.Water:GetChildren()[8],\n    Vector3.new(3.2377028465271, -3.0619859695435, -329.60552978516)\n}","45":"{\n    \"FireAllClients\",\n    {\n        CFrame.new(0, 0, 0, 0.85237073898315, 0.48876675963402, -0.18593320250511, 7.475259877765e-08, 0.35555490851402, 0.93465542793274, 0.52293795347214, -0.79667294025421, 0.30306458473206),\n        Vector3.new(9.1760501861572, 5.4079604148865, -344.54730224609),\n        Vector3.new(-14.519196510315, -12.672681808472, 42.132438659668),\n        Vector3.new(0, -60, 0)\n    }\n}","35":"{\n    \"RemoteEvent\",\n    \"rawget\",\n    [4] = \"FireServer\",\n    [5] = \"warn\",\n    [7] = \"Remote event does not exist for event\",\n    [8] = \"Name\"\n}","59":"{\n    game:GetService(\"Players\").LocalPlayer.Inventory[\"Strong Rod\"],\n    workspace.Map.Water:GetChildren()[8],\n    Vector3.new(3.5214924812317, -3.0619859695435, -329.82855224609)\n}","49":"{\n    \"FireAllClients\",\n    {\n        CFrame.new(0, 0, 0, 0.85237073898315, 0.33609992265701, -0.40062561631203, 7.7945905729848e-08, 0.76610541343689, 0.64271485805511, 0.52293795347214, -0.54783141613007, 0.65300577878952),\n        Vector3.new(7.7866401672363, 7.6490345001221, -342.28259277344),\n        Vector3.new(-13.156691551208, -18.505819320679, 38.914264678955),\n        Vector3.new(0, -60, 0)\n    }\n}","39":"{\n    \"FireAllClients\",\n    true\n}","29":"OnClientInvoke","69":"FireAllClients","1":"EquipItemHandle","3":"game:GetService(\"ReplicatedStorage\").RemoteEvents.EquipItemHandle","2":"RemoteEvent","19":"PlayerRodBobbleInWater","4":"FireServer","7":"FireOtherClients","6":"{\n    \"FireAllClients\",\n    game:GetService(\"Players\").LocalPlayer.Inventory[\"Strong Rod\"]\n}","25":"InvokeServer","15":"{\n    \"FireAllClients\",\n    \"FishCast\",\n    {\n        Instance = game:GetService(\"Players\").LocalPlayer.Character.Head,\n        Volume = 0.4\n    }\n}","31":"{\n    \"FireAllClients\",\n    \"FishBite\",\n    {\n        Instance = game:GetService(\"Players\").LocalPlayer.Character.Head,\n        Volume = 0.4\n    }\n}","21":"{\n    \"FireAllClients\",\n    CFrame.new(3.9984741210938, -3.0619859695435, -331.06387329102, 1, 0, 0, 0, 1, 0, 0, 0, 1)\n}","11":"{\n    \"RemoteEvent\",\n    \"rawget\",\n    [4] = \"FireAllClients\",\n    [5] = \"FireServer\",\n    [6] = \"warn\",\n    [8] = \"Remote event does not exist for event\",\n    [9] = \"Name\"\n}","60":"{\n    {\n        Item = workspace.Items:GetChildren()[521],\n        Difficulty = 1\n    }\n}","70":"de5e3946b28f6c61d3449da9f4ca5bfd282a279d53699758e9b49c5194d3c328dc456f0e4e61f4d28bdf5560bac7d0fc","40":"{\n    \"FireAllClients\",\n    \"FishReel\",\n    {\n        Instance = game:GetService(\"Players\").LocalPlayer.Character.Head,\n        Volume = 0.3\n    }\n}","50":"{\n    \"FireAllClients\",\n    CFrame.new(3.2943465709686, -3.0619859695435, -328.99548339844, 1, 0, 0, 0, 1, 0, 0, 0, 1)\n}","54":"{\n    \"FireAllClients\",\n    CFrame.new(3.2377028465271, -3.0619859695435, -329.60552978516, 1, 0, 0, 0, 1, 0, 0, 0, 1)\n}","64":"{\n    {\n        Item = workspace.Items:GetChildren()[522],\n        Difficulty = 1\n    }\n}","34":"d2596303e8f72f0c3c2a69ba93863a7b8967ed08b4237290ec1dc443d6a6e208f20f514eb48087e628887280a82c560a","44":"{\n    0,\n    60\n}","48":"{\n    {\n        Item = workspace.Items:GetChildren()[519],\n        Difficulty = 1\n    }\n}","58":"{\n    \"FireAllClients\",\n    CFrame.new(3.5214924812317, -3.0619859695435, -329.82855224609, 1, 0, 0, 0, 1, 0, 0, 0, 1)\n}","28":"{\n    \"RemoteFunction\",\n    \"rawget\",\n    [4] = \"InvokeServer\",\n    [5] = \"warn\",\n    [7] = \"Remote function does not exist for event\",\n    [8] = \"Name\"\n}","38":"game:GetService(\"ReplicatedStorage\").RemoteEvents.PlayerRodReset","68":"game:GetService(\"ReplicatedStorage\").RemoteEvents.UnequipItemHandle","18":"{\n    \"FireAllClients\",\n    {\n        CFrame.new(0, 0, 0, 0.85237073898315, 0.45477449893951, -0.25815549492836, 5.7831441857559e-09, 0.49366366863251, 0.86965292692184, 0.52293795347214, -0.74126672744751, 0.42078447341919),\n        Vector3.new(8.8239555358887, 6.2361164093018, -343.97338867188),\n        Vector3.new(-15.056279182434, -15.511589050293, 40.279861450195),\n        Vector3.new(0, -60, 0)\n    }\n}","14":"game:GetService(\"Players\").LocalPlayer.PlayerScripts.Client.InteractionHandler","24":"game:GetService(\"ReplicatedStorage\").RemoteEvents.StartCatchTimer","5":"game:GetService(\"Players\").LocalPlayer.PlayerScripts.LoadClient","9":"4be7b99989c0e1ea7222fe909ff74351e6b4382cb10b0821396c82a7568a25c7507d90ace0a929765e79f1db8515e4e6","20":"game:GetService(\"ReplicatedStorage\").RemoteEvents.PlayerRodBobbleInWater","30":"{\n    {\n        Item = workspace.Items:GetChildren()[518],\n        Difficulty = 1\n    }\n}","8":"Players.nsopnet.PlayerScripts.Client.UtilityModules.Events","10":"{}"}
    </script>
    <script type="application/json" id="event-data">
      [[1,2,3,4,1770396252.9867249,5,6,4,7,91,8,0,0,9,10,10,11],[12,2,13,4,1770396256.4758297,14,15,4,7,91,8,0,0,9,10,10,11],[16,2,17,4,1770396256.9462317,14,18,4,7,91,8,0,0,9,10,10,11],[19,2,20,4,1770396257.31749,14,21,4,7,91,8,0,0,9,10,10,11],[22,23,24,25,1770396257.3187092,14,26,25,25,83,8,0,0,27,10,10,28],[22,23,24,29,1770396258.5253413,14,30,29,25,83,8,0,0,27,10,10,28],[12,2,13,4,1770396258.5255719,14,31,4,7,91,8,0,0,9,10,10,11],[32,2,33,4,1770396260.6576093,14,10,4,4,75,8,0,0,34,10,10,35],[12,2,13,4,1770396260.6578148,14,36,4,7,91,8,0,0,9,10,10,11],[37,2,38,4,1770396260.6587764,14,39,4,7,91,8,0,0,9,10,10,11],[12,2,13,4,1770396260.6599577,14,40,4,7,91,8,0,0,9,10,10,11],[37,2,38,4,1770396261.2787493,14,41,4,7,91,8,0,0,9,10,10,11],[42,2,43,4,1770396261.531794,5,44,4,4,75,8,0,0,34,10,10,35],[12,2,13,4,1770396262.0821527,14,15,4,7,91,8,0,0,9,10,10,11],[16,2,17,4,1770396262.5527869,14,45,4,7,91,8,0,0,9,10,10,11],[19,2,20,4,1770396262.9536324,14,46,4,7,91,8,0,0,9,10,10,11],[22,23,24,25,1770396262.9547709,14,47,25,25,83,8,0,0,27,10,10,28],[22,23,24,29,1770396264.2830446,14,48,29,25,83,8,0,0,27,10,10,28],[12,2,13,4,1770396264.2834943,14,31,4,7,91,8,0,0,9,10,10,11],[32,2,33,4,1770396266.2903677,14,10,4,4,75,8,0,0,34,10,10,35],[12,2,13,4,1770396266.2905772,14,36,4,7,91,8,0,0,9,10,10,11],[37,2,38,4,1770396266.2914804,14,39,4,7,91,8,0,0,9,10,10,11],[12,2,13,4,1770396266.2926777,14,40,4,7,91,8,0,0,9,10,10,11],[37,2,38,4,1770396266.879567,14,41,4,7,91,8,0,0,9,10,10,11],[12,2,13,4,1770396267.5021396,14,15,4,7,91,8,0,0,9,10,10,11],[16,2,17,4,1770396267.9992226,14,49,4,7,91,8,0,0,9,10,10,11],[19,2,20,4,1770396268.4112404,14,50,4,7,91,8,0,0,9,10,10,11],[22,23,24,25,1770396268.41227,14,51,25,25,83,8,0,0,27,10,10,28],[22,23,24,29,1770396269.2216709,14,52,29,25,83,8,0,0,27,10,10,28],[12,2,13,4,1770396269.2223502,14,31,4,7,91,8,0,0,9,10,10,11],[32,2,33,4,1770396271.2624658,14,10,4,4,75,8,0,0,34,10,10,35],[12,2,13,4,1770396271.2626198,14,36,4,7,91,8,0,0,9,10,10,11],[37,2,38,4,1770396271.2633498,14,39,4,7,91,8,0,0,9,10,10,11],[12,2,13,4,1770396271.2642744,14,40,4,7,91,8,0,0,9,10,10,11],[37,2,38,4,1770396271.8943692,14,41,4,7,91,8,0,0,9,10,10,11],[12,2,13,4,1770396272.4445453,14,15,4,7,91,8,0,0,9,10,10,11],[16,2,17,4,1770396272.9265173,14,53,4,7,91,8,0,0,9,10,10,11],[19,2,20,4,1770396273.3412073,14,54,4,7,91,8,0,0,9,10,10,11],[22,23,24,25,1770396273.342368,14,55,25,25,83,8,0,0,27,10,10,28],[22,23,24,29,1770396274.3376888,14,56,29,25,83,8,0,0,27,10,10,28],[12,2,13,4,1770396274.3382285,14,31,4,7,91,8,0,0,9,10,10,11],[32,2,33,4,1770396278.31731,14,10,4,4,75,8,0,0,34,10,10,35],[12,2,13,4,1770396278.317645,14,36,4,7,91,8,0,0,9,10,10,11],[37,2,38,4,1770396278.319198,14,39,4,7,91,8,0,0,9,10,10,11],[12,2,13,4,1770396278.3213435,14,40,4,7,91,8,0,0,9,10,10,11],[37,2,38,4,1770396278.921667,14,41,4,7,91,8,0,0,9,10,10,11],[12,2,13,4,1770396279.5398215,14,15,4,7,91,8,0,0,9,10,10,11],[16,2,17,4,1770396280.0111373,14,57,4,7,91,8,0,0,9,10,10,11],[19,2,20,4,1770396280.4091013,14,58,4,7,91,8,0,0,9,10,10,11],[22,23,24,25,1770396280.410416,14,59,25,25,83,8,0,0,27,10,10,28],[22,23,24,29,1770396281.8754025,14,60,29,25,83,8,0,0,27,10,10,28],[12,2,13,4,1770396281.8759416,14,31,4,7,91,8,0,0,9,10,10,11],[32,2,33,4,1770396283.8896495,14,10,4,4,75,8,0,0,34,10,10,35],[12,2,13,4,1770396283.890012,14,36,4,7,91,8,0,0,9,10,10,11],[37,2,38,4,1770396283.8911215,14,39,4,7,91,8,0,0,9,10,10,11],[12,2,13,4,1770396283.8924895,14,40,4,7,91,8,0,0,9,10,10,11],[37,2,38,4,1770396284.50108,14,41,4,7,91,8,0,0,9,10,10,11],[12,2,13,4,1770396285.023741,14,15,4,7,91,8,0,0,9,10,10,11],[16,2,17,4,1770396285.4982086,14,61,4,7,91,8,0,0,9,10,10,11],[19,2,20,4,1770396285.8883177,14,62,4,7,91,8,0,0,9,10,10,11],[22,23,24,25,1770396285.8901029,14,63,25,25,83,8,0,0,27,10,10,28],[22,23,24,29,1770396287.3762239,14,64,29,25,83,8,0,0,27,10,10,28],[12,2,13,4,1770396287.3764516,14,31,4,7,91,8,0,0,9,10,10,11],[32,2,33,4,1770396289.4406839,14,10,4,4,75,8,0,0,34,10,10,35],[12,2,13,4,1770396289.4408937,14,36,4,7,91,8,0,0,9,10,10,11],[37,2,38,4,1770396289.441833,14,39,4,7,91,8,0,0,9,10,10,11],[12,2,13,4,1770396289.443109,14,40,4,7,91,8,0,0,9,10,10,11],[37,2,38,4,1770396290.0626024,14,41,4,7,91,8,0,0,9,10,10,11],[65,2,66,4,1770396291.601127,5,10,4,4,75,8,0,0,34,10,10,35],[37,2,38,4,1770396291.601545,5,41,4,7,91,8,0,0,9,10,10,11],[67,2,68,4,1770396291.601721,5,6,4,69,101,8,0,0,70,71,10,72]]
</script>