--[[
    CONTEXT: ROBLOX AUTOMATION / LOG ANALYSIS
    SOURCE: Extracted from Cobalt Executor Logs (HTML Session)
    
    SUMMARY:
    This script represents a CLEANED REPLAY of gameplay actions. 
    It has been compacted for AI readability (HTML-Only Mode).
]]

game:GetService("ReplicatedStorage").RemoteEvents.EquipItemHandle:FireServer("FireAllClients", ["Old Axe"] --[[Nil Parent]])
game:GetService("ReplicatedStorage").RemoteEvents.UnequipItemHandle:FireServer("FireAllClients", ["Old Axe"] --[[Nil Parent]])
firesignal(game:GetService("ReplicatedStorage").RemoteEvents.FlashlightWarning.OnClientEvent, false)
game:GetService("ReplicatedStorage").RemoteEvents.RequestStartDraggingItem:FireServer(["Good Axe"] --[[Nil Parent]])
game:GetService("ReplicatedStorage").RemoteEvents.RequestHotbarItem:InvokeServer(["Good Axe"] --[[Nil Parent]])
game:GetService("ReplicatedStorage").RemoteEvents.StopDraggingItem:FireServer(["Good Axe"] --[[Nil Parent]])
firesignal(game:GetService("ReplicatedStorage").RemoteEvents.RequestHotbarItem.OnClientEvent, { Success = true })
game:GetService("ReplicatedStorage").RemoteEvents.EquipItemHandle:FireServer("FireAllClients", ["Good Axe"] --[[Nil Parent]])
game:GetService("ReplicatedStorage").RemoteEvents.AnalyticsTimeFirstPerson:FireServer(0, 60)
game:GetService("ReplicatedStorage").RemoteEvents.UnequipItemHandle:FireServer("FireAllClients", ["Good Axe"] --[[Nil Parent]])
firesignal(game:GetService("ReplicatedStorage").RemoteEvents.ChangeColorCorrection.OnClientEvent, "Day", 6)
firesignal(game:GetService("ReplicatedStorage").RemoteEvents.DayDisplay.OnClientEvent, 2, 1, {}, { npcs = { "Pelt Trader" }, berries = 0, rain = 19, plants = {}, attack = 15 })
game:GetService("ReplicatedStorage").RemoteEvents.RequestStartDraggingItem:FireServer(game:GetService("Players").LocalPlayer.Inventory["Strong Axe"])
game:GetService("ReplicatedStorage").RemoteEvents.RequestHotbarItem:InvokeServer(game:GetService("Players").LocalPlayer.Inventory["Strong Axe"])
game:GetService("ReplicatedStorage").RemoteEvents.StopDraggingItem:FireServer(game:GetService("Players").LocalPlayer.Inventory["Strong Axe"])
game:GetService("ReplicatedStorage").RemoteEvents.EquipItemHandle:FireServer("FireAllClients", game:GetService("Players").LocalPlayer.Inventory["Strong Axe"])
game:GetService("ReplicatedStorage").RemoteEvents.PlayEnemyHitSound:FireServer("FireAllClients", .TreeBig3 --[[Nil Parent]], game:GetService("Players").LocalPlayer.Inventory["Strong Axe"])
game:GetService("ReplicatedStorage").RemoteEvents.ToolDamageObject:InvokeServer(.TreeBig3 --[[Nil Parent]], game:GetService("Players").LocalPlayer.Inventory["Strong Axe"], "1_8401342884", CFrame.new(-51.891460418701, 8.467230796814, -47.976554870605, 0.9999925494194, -1.2158581697008e-08, 0.0038662992883474, 1.2199894428022e-08, 1, -1.0661797666955e-08, -0.0038662992883474, 1.0708887110411e-08, 0.9999925494194))
game:GetService("ReplicatedStorage").RemoteEvents.RequestReplicateSound:FireServer("FireAllClients", "WoodChop", { Instance = game:GetService("Players").LocalPlayer.Character.Head, Volume = 0.4 })
firesignal(game:GetService("ReplicatedStorage").RemoteEvents.ToolDamageObject.OnClientEvent, { Success = true })
game:GetService("ReplicatedStorage").RemoteEvents.ToolDamageObject:InvokeServer(.TreeBig3 --[[Nil Parent]], game:GetService("Players").LocalPlayer.Inventory["Strong Axe"], "2_8401342884", CFrame.new(-51.891460418701, 8.467230796814, -47.976554870605, 0.9999925494194, 1.5982219991884e-08, 0.0038662992883474, -1.6036524996821e-08, 1, 1.4014783999983e-08, -0.0038662992883474, -1.407668204223e-08, 0.9999925494194))
game:GetService("ReplicatedStorage").RemoteEvents.ToolDamageObject:InvokeServer(.TreeBig3 --[[Nil Parent]], game:GetService("Players").LocalPlayer.Inventory["Strong Axe"], "3_8401342884", CFrame.new(-51.891460418701, 8.467230796814, -47.976554870605, 0.9999925494194, -3.3582725933456e-08, 0.0038662992883474, 3.3696835544106e-08, 1, -2.9448910865426e-08, -0.0038662992883474, 2.9578972160493e-08, 0.9999925494194))
game:GetService("ReplicatedStorage").RemoteEvents.ToolDamageObject:InvokeServer(.TreeBig3 --[[Nil Parent]], game:GetService("Players").LocalPlayer.Inventory["Strong Axe"], "4_8401342884", CFrame.new(-51.891460418701, 8.467230796814, -47.976554870605, 0.9999925494194, -7.8767307343242e-08, 0.0038662992883474, 7.9034954580948e-08, 1, -6.9072086716915e-08, -0.0038662992883474, 6.9377144029659e-08, 0.9999925494194))
game:GetService("ReplicatedStorage").RemoteEvents.ToolDamageObject:InvokeServer(.TreeBig3 --[[Nil Parent]], game:GetService("Players").LocalPlayer.Inventory["Strong Axe"], "5_8401342884", CFrame.new(-51.891460418701, 8.467230796814, -47.976554870605, 0.9999925494194, -6.1763088865519e-08, 0.0038662992883474, 6.1972954767953e-08, 1, -5.4161162665878e-08, -0.0038662992883474, 5.4400363325158e-08, 0.9999925494194))
game:GetService("ReplicatedStorage").RemoteEvents.ToolDamageObject:InvokeServer(.TreeBig3 --[[Nil Parent]], game:GetService("Players").LocalPlayer.Inventory["Strong Axe"], "6_8401342884", CFrame.new(-51.891460418701, 8.467230796814, -47.976554870605, 0.9999925494194, 1.2783732294963e-08, 0.0038662992883474, -1.2827170436935e-08, 1, 1.1210368633385e-08, -0.0038662992883474, -1.1259878363035e-08, 0.9999925494194))
game:GetService("ReplicatedStorage").RemoteEvents.ToolDamageObject:InvokeServer(.TreeBig3 --[[Nil Parent]], game:GetService("Players").LocalPlayer.Inventory["Strong Axe"], "7_8401342884", CFrame.new(-51.891460418701, 8.467230796814, -47.976554870605, 0.9999925494194, 7.5414149591779e-08, 0.0038662992883474, -7.5670406829431e-08, 1, 6.6133189591255e-08, -0.0038662992883474, -6.6425265288217e-08, 0.9999925494194))
game:GetService("ReplicatedStorage").RemoteEvents.ToolDamageObject:InvokeServer(.TreeBig3 --[[Nil Parent]], game:GetService("Players").LocalPlayer.Inventory["Strong Axe"], "8_8401342884", CFrame.new(-51.891460418701, 8.467230796814, -47.976554870605, 0.9999925494194, -6.6940906151558e-08, 0.0038662992883474, 6.7168372197557e-08, 1, -5.8703186311959e-08, -0.0038662992883474, 5.8962442039956e-08, 0.9999925494194))
game:GetService("ReplicatedStorage").RemoteEvents.ToolDamageObject:InvokeServer(.TreeBig3 --[[Nil Parent]], game:GetService("Players").LocalPlayer.Inventory["Strong Axe"], "9_8401342884", CFrame.new(-51.891460418701, 8.467230796814, -47.976554870605, 0.9999925494194, -6.3768457181368e-09, 0.0038662992883474, 6.398514162953e-09, 1, -5.5921378638857e-09, -0.0038662992883474, 5.6168345530239e-09, 0.9999925494194))
game:GetService("ReplicatedStorage").RemoteEvents.ToolDamageObject:InvokeServer(.TreeBig3 --[[Nil Parent]], game:GetService("Players").LocalPlayer.Inventory["Strong Axe"], "10_8401342884", CFrame.new(-51.891460418701, 8.467230796814, -47.976554870605, 0.9999925494194, 6.9273681901905e-08, 0.0038662992883474, -6.9509077604835e-08, 1, 6.0749179908726e-08, -0.0038662992883474, -6.1017466634894e-08, 0.9999925494194))
game:GetService("ReplicatedStorage").RemoteEvents.ToolDamageObject:InvokeServer(.TreeBig3 --[[Nil Parent]], game:GetService("Players").LocalPlayer.Inventory["Strong Axe"], "11_8401342884", CFrame.new(-51.891460418701, 8.467230796814, -47.976554870605, 0.9999925494194, 5.9696240839457e-08, 0.0038662992883474, -5.989909368509e-08, 1, 5.2350415558067e-08, -0.0038662992883474, -5.2581611953428e-08, 0.9999925494194))
game:GetService("ReplicatedStorage").RemoteEvents.ToolDamageObject:InvokeServer(.TreeBig3 --[[Nil Parent]], game:GetService("Players").LocalPlayer.Inventory["Strong Axe"], "12_8401342884", CFrame.new(-51.891460418701, 8.467230796814, -47.976554870605, 0.9999925494194, -5.1829172065254e-08, 0.0038662992883474, 5.2005290740453e-08, 1, -4.5451788110995e-08, -0.0038662992883474, 4.5652516433847e-08, 0.9999925494194))
game:GetService("ReplicatedStorage").RemoteEvents.ToolDamageObject:InvokeServer(.TreeBig3 --[[Nil Parent]], game:GetService("Players").LocalPlayer.Inventory["Strong Axe"], "13_8401342884", CFrame.new(-51.891460418701, 8.467230796814, -47.976554870605, 0.9999925494194, -2.8749985503396e-08, 0.0038662992883474, 2.8847679800492e-08, 1, -2.5212521848061e-08, -0.0038662992883474, 2.5323867447469e-08, 0.9999925494194))
game:GetService("ReplicatedStorage").RemoteEvents.ToolDamageObject:InvokeServer(.TreeBig3 --[[Nil Parent]], game:GetService("Players").LocalPlayer.Inventory["Strong Axe"], "14_8401342884", CFrame.new(-51.891460418701, 8.467230796814, -47.976554870605, 0.9999925494194, 3.8139859270814e-08, 0.0038662992883474, -3.8269462265816e-08, 1, 3.3447118852337e-08, -0.0038662992883474, -3.359483002896e-08, 0.9999925494194))
game:GetService("ReplicatedStorage").RemoteEvents.ToolDamageObject:InvokeServer(.TreeBig3 --[[Nil Parent]], game:GetService("Players").LocalPlayer.Inventory["Strong Axe"], "15_8401342884", CFrame.new(-51.891460418701, 8.467230796814, -47.976554870605, 0.9999925494194, 4.5291837835748e-08, 0.0038662992883474, -4.5445744945027e-08, 1, 3.9719353139844e-08, -0.0038662992883474, -3.9894761272308e-08, 0.9999925494194))
game:GetService("ReplicatedStorage").RemoteEvents.ToolDamageObject:InvokeServer(.TreeBig3 --[[Nil Parent]], game:GetService("Players").LocalPlayer.Inventory["Strong Axe"], "16_8401342884", CFrame.new(-51.891460418701, 8.467230796814, -47.976554870605, 0.9999925494194, -8.6616701366893e-08, 0.0038662992883474, 8.6911036589754e-08, 1, -7.5960414847032e-08, -0.0038662992883474, 7.6295876283439e-08, 0.9999925494194))
game:GetService("ReplicatedStorage").RemoteEvents.ToolDamageObject:InvokeServer(.TreeBig3 --[[Nil Parent]], game:GetService("Players").LocalPlayer.Inventory["Strong Axe"], "17_8401342884", CFrame.new(-51.891460418701, 8.467230796814, -47.976554870605, 0.9999925494194, -2.0780630549666e-08, 0.0038662992883474, 2.0851246063103e-08, 1, -1.8224209696882e-08, -0.0038662992883474, 1.8304691096205e-08, 0.9999925494194))
game:GetService("ReplicatedStorage").RemoteEvents.ToolDamageObject:InvokeServer(.TreeBig3 --[[Nil Parent]], game:GetService("Players").LocalPlayer.Inventory["Strong Axe"], "18_8401342884", CFrame.new(-51.891460418701, 8.467230796814, -47.976554870605, 0.9999925494194, 1.6390265145105e-08, 0.0038662992883474, -1.6445962813805e-08, 1, 1.4374081480639e-08, -0.0038662992883474, -1.4437559592295e-08, 0.9999925494194))
game:GetService("ReplicatedStorage").RemoteEvents.ToolDamageObject:InvokeServer(.TreeBig3 --[[Nil Parent]], game:GetService("Players").LocalPlayer.Inventory["Strong Axe"], "19_8401342884", CFrame.new(-51.891460418701, 8.467230796814, -47.976554870605, 0.9999925494194, -4.216009585889e-08, 0.0038662992883474, 4.2303366143415e-08, 1, -3.6974313388782e-08, -0.0038662992883474, 3.713759610946e-08, 0.9999925494194))
game:GetService("ReplicatedStorage").RemoteEvents.ToolDamageObject:InvokeServer(.TreeBig3 --[[Nil Parent]], game:GetService("Players").LocalPlayer.Inventory["Strong Axe"], "20_8401342884", CFrame.new(-51.891460418701, 8.467230796814, -47.976554870605, 0.9999925494194, 2.5310542994816e-08, 0.0038662992883474, -2.539655419298e-08, 1, 2.2197502502763e-08, -0.0038662992883474, -2.2295527202232e-08, 0.9999925494194))
game:GetService("ReplicatedStorage").RemoteEvents.ToolDamageObject:InvokeServer(.TreeBig3 --[[Nil Parent]], game:GetService("Players").LocalPlayer.Inventory["Strong Axe"], "21_8401342884", CFrame.new(-51.891460418701, 8.467230796814, -47.976554870605, 0.9999925494194, 7.4877441136323e-08, 0.0038662992883474, -7.5131893595426e-08, 1, 6.5668110948991e-08, -0.0038662992883474, -6.5958104755737e-08, 0.9999925494194))
game:GetService("ReplicatedStorage").RemoteEvents.ToolDamageObject:InvokeServer(.TreeBig3 --[[Nil Parent]], game:GetService("Players").LocalPlayer.Inventory["Strong Axe"], "22_8401342884", CFrame.new(-51.891460418701, 8.467230796814, -47.976554870605, 0.9999925494194, -4.9568942728229e-08, 0.0038662992883474, 4.9737391094595e-08, 1, -4.3472596189531e-08, -0.0038662992883474, 4.3664570625879e-08, 0.9999925494194))
game:GetService("ReplicatedStorage").RemoteEvents.ToolDamageObject:InvokeServer(.TreeBig3 --[[Nil Parent]], game:GetService("Players").LocalPlayer.Inventory["Strong Axe"], "23_8401342884", CFrame.new(-51.891460418701, 8.467230796814, -47.976554870605, 0.9999925494194, 4.9151974934603e-08, 0.0038662992883474, -4.9319009320925e-08, 1, 4.3107519331897e-08, -0.0038662992883474, -4.3297880836235e-08, 0.9999925494194))
game:GetService("ReplicatedStorage").RemoteEvents.ToolDamageObject:InvokeServer(.TreeBig3 --[[Nil Parent]], game:GetService("Players").LocalPlayer.Inventory["Strong Axe"], "24_8401342884", CFrame.new(-51.891460418701, 8.467230796814, -47.976554870605, 0.9999925494194, 4.5149139538125e-08, 0.0038662992883474, -4.5302570583772e-08, 1, 3.9597150447435e-08, -0.0038662992883474, -3.9772007909278e-08, 0.9999925494194))
game:GetService("ReplicatedStorage").RemoteEvents.ToolDamageObject:InvokeServer(.TreeBig3 --[[Nil Parent]], game:GetService("Players").LocalPlayer.Inventory["Strong Axe"], "25_8401342884", CFrame.new(-51.891460418701, 8.467230796814, -47.976554870605, 0.9999925494194, 6.2229105424194e-08, 0.0038662992883474, -6.2440584258638e-08, 1, 5.4576950958563e-08, -0.0038662992883474, -5.4817956396391e-08, 0.9999925494194))
game:GetService("ReplicatedStorage").RemoteEvents.ToolDamageObject:InvokeServer(.TreeBig3 --[[Nil Parent]], game:GetService("Players").LocalPlayer.Inventory["Strong Axe"], "26_8401342884", CFrame.new(-51.891460418701, 8.467230796814, -47.976554870605, 0.9999925494194, 6.2103950426717e-08, 0.0038662992883474, -6.231500293552e-08, 1, 5.4467861332341e-08, -0.0038662992883474, -5.470838360111e-08, 0.9999925494194))
game:GetService("ReplicatedStorage").RemoteEvents.ToolDamageObject:InvokeServer(.TreeBig3 --[[Nil Parent]], game:GetService("Players").LocalPlayer.Inventory["Strong Axe"], "27_8401342884", CFrame.new(-51.891460418701, 8.467230796814, -47.976554870605, 0.9999925494194, 4.6515662432967e-08, 0.0038662992883474, -4.6673743980818e-08, 1, 4.0796624745099e-08, -0.0038662992883474, -4.0976775750323e-08, 0.9999925494194))
game:GetService("ReplicatedStorage").RemoteEvents.ToolDamageObject:InvokeServer(.TreeBig3 --[[Nil Parent]], game:GetService("Players").LocalPlayer.Inventory["Strong Axe"], "28_8401342884", CFrame.new(-51.891460418701, 8.467230796814, -47.976554870605, 0.9999925494194, -7.721718020548e-08, 0.0038662992883474, 7.7479604954078e-08, 1, -6.7724108987477e-08, -0.0038662992883474, 6.8023162214104e-08, 0.9999925494194))
game:GetService("ReplicatedStorage").RemoteEvents.ToolDamageObject:InvokeServer(.TreeBig3 --[[Nil Parent]], game:GetService("Players").LocalPlayer.Inventory["Strong Axe"], "29_8401342884", CFrame.new(-51.891460418701, 8.467230796814, -47.976554870605, 0.9999925494194, 6.3745517309144e-08, 0.0038662992883474, -6.3962161789277e-08, 1, 5.5909172402835e-08, -0.0038662992883474, -5.6156054029088e-08, 0.9999925494194))
game:GetService("ReplicatedStorage").RemoteEvents.ToolDamageObject:InvokeServer(.TreeBig3 --[[Nil Parent]], game:GetService("Players").LocalPlayer.Inventory["Strong Axe"], "30_8401342884", CFrame.new(-51.891460418701, 8.467230796814, -47.976554870605, 0.9999925494194, -3.5184218205586e-08, 0.0038662992883474, 3.5303791889874e-08, 1, -3.0859180100151e-08, -0.0038662992883474, 3.0995444433302e-08, 0.9999925494194))
game:GetService("ReplicatedStorage").RemoteEvents.ToolDamageObject:InvokeServer(.TreeBig3 --[[Nil Parent]], game:GetService("Players").LocalPlayer.Inventory["Strong Axe"], "31_8401342884", CFrame.new(-51.891460418701, 8.467230796814, -47.976554870605, 0.9999925494194, -2.793747100327e-08, 0.0038662992883474, 2.8032417276336e-08, 1, -2.4503314932645e-08, -0.0038662992883474, 2.4611514604089e-08, 0.9999925494194))
game:GetService("ReplicatedStorage").RemoteEvents.ToolDamageObject:InvokeServer(.TreeBig3 --[[Nil Parent]], game:GetService("Players").LocalPlayer.Inventory["Strong Axe"], "32_8401342884", CFrame.new(-51.891460418701, 8.467230796814, -47.976554870605, 0.9999925494194, 5.8548451420393e-08, 0.0038662992883474, -5.8747431808115e-08, 1, 5.1351737084815e-08, -0.0038662992883474, -5.1578489035364e-08, 0.9999925494194))
game:GetService("ReplicatedStorage").RemoteEvents.ToolDamageObject:InvokeServer(.TreeBig3 --[[Nil Parent]], game:GetService("Players").LocalPlayer.Inventory["Strong Axe"], "33_8401342884", CFrame.new(-51.891460418701, 8.467230796814, -47.976554870605, 0.9999925494194, 1.2037427943312e-08, 0.0038662992883474, -1.2078337441324e-08, 1, 1.055780796122e-08, -0.0038662992883474, -1.0604427558292e-08, 0.9999925494194))
game:GetService("ReplicatedStorage").RemoteEvents.ToolDamageObject:InvokeServer(.TreeBig3 --[[Nil Parent]], game:GetService("Players").LocalPlayer.Inventory["Strong Axe"], "34_8401342884", CFrame.new(-51.891460418701, 8.467230796814, -47.976554870605, 0.9999925494194, -6.4877623273674e-09, 0.0038662992883474, 6.5098113566364e-09, 1, -5.6903499690009e-09, -0.0038662992883474, 5.7154765364942e-09, 0.9999925494194))
game:GetService("ReplicatedStorage").RemoteEvents.ToolDamageObject:InvokeServer(.TreeBig3 --[[Nil Parent]], game:GetService("Players").LocalPlayer.Inventory["Strong Axe"], "35_8401342884", CFrame.new(-51.891460418701, 8.467230796814, -47.976554870605, 0.9999925494194, 4.5969708040161e-09, 0.0038662992883474, -4.6125943065078e-09, 1, 4.0319863003901e-09, -0.0038662992883474, -4.049789836813e-09, 0.9999925494194))
firesignal(game:GetService("ReplicatedStorage").RemoteEvents.DestroyObject.OnClientEvent, .TreeBig3 --[[Nil Parent]], CFrame.new(-51.891460418701, 8.467230796814, -47.976554870605, 0.99999243021011, 0, 0.0038844840601087, 0, 1, 0, -0.0038844840601087, 0, 0.99999243021011))
game:GetService("ReplicatedStorage").RemoteEvents.PlayEnemyHitSound:FireServer("FireAllClients", ["Small Tree"] --[[Nil Parent]], game:GetService("Players").LocalPlayer.Inventory["Strong Axe"])
game:GetService("ReplicatedStorage").RemoteEvents.ToolDamageObject:InvokeServer(["Small Tree"] --[[Nil Parent]], game:GetService("Players").LocalPlayer.Inventory["Strong Axe"], "36_8401342884", CFrame.new(-34.001941680908, 4.4010996818542, -67.107368469238, 0.82905888557434, 6.0308614990845e-08, -0.55916130542755, -5.2605528821914e-08, 1, 2.985817459944e-08, 0.55916130542755, 4.6607921966313e-09, 0.82905888557434))
firesignal(game:GetService("ReplicatedStorage").RemoteEvents.DestroyObject.OnClientEvent, ["Small Tree"] --[[Nil Parent]], CFrame.new(-34.001941680908, 4.4010996818542, -67.107368469238, 0.82903647422791, -0, -0.55919462442398, 0, 1, -0, 0.55919462442398, 0, 0.82903647422791))
game:GetService("ReplicatedStorage").RemoteEvents.ToolDamageObject:InvokeServer(["Small Tree"] --[[Nil Parent]], game:GetService("Players").LocalPlayer.Inventory["Strong Axe"], "37_8401342884", CFrame.new(-43.757667541504, 4.4010996818542, -79.945381164551, 0.75136828422546, 7.0629795345667e-08, 0.65988308191299, -5.7492044902574e-08, 1, -4.1571144748787e-08, -0.65988308191299, -6.7027872141523e-09, 0.75136828422546))
firesignal(game:GetService("ReplicatedStorage").RemoteEvents.DestroyObject.OnClientEvent, ["Small Tree"] --[[Nil Parent]], CFrame.new(-43.757667541504, 4.4010996818542, -79.945381164551, 0.75137150287628, 0, 0.65987938642502, 0, 1, 0, -0.65987938642502, 0, 0.75137150287628))
game:GetService("ReplicatedStorage").RemoteEvents.ToolDamageObject:InvokeServer(["Small Tree"] --[[Nil Parent]], game:GetService("Players").LocalPlayer.Inventory["Strong Axe"], "38_8401342884", CFrame.new(-47.973377227783, 4.4010996818542, -76.404815673828, -0.64259940385818, -4.4365041418359e-08, 0.76620233058929, 6.0648233102256e-08, 1, 1.0876703981921e-07, -0.76620233058929, 1.1636245744739e-07, -0.64259940385818))
firesignal(game:GetService("ReplicatedStorage").RemoteEvents.DestroyObject.OnClientEvent, ["Small Tree"] --[[Nil Parent]], CFrame.new(-47.973377227783, 4.4010996818542, -76.404815673828, -0.64261746406555, 0, 0.76618713140488, 0, 1, 0, -0.76618713140488, 0, -0.64261746406555))
game:GetService("ReplicatedStorage").RemoteEvents.PlayEnemyHitSound:FireServer("FireAllClients", .TreeBig2 --[[Nil Parent]], game:GetService("Players").LocalPlayer.Inventory["Strong Axe"])
game:GetService("ReplicatedStorage").RemoteEvents.ToolDamageObject:InvokeServer(.TreeBig2 --[[Nil Parent]], game:GetService("Players").LocalPlayer.Inventory["Strong Axe"], "39_8401342884", CFrame.new(-63.992492675781, 10.721312522888, -43.333164215088, -0.2076461315155, -2.1052455849713e-06, 0.97820401191711, -1.5162637510002e-06, 1, 1.830292262639e-06, -0.97820401191711, -1.1031621625079e-06, -0.2076461315155))
game:GetService("ReplicatedStorage").RemoteEvents.ToolDamageObject:InvokeServer(.TreeBig2 --[[Nil Parent]], game:GetService("Players").LocalPlayer.Inventory["Strong Axe"], "40_8401342884", CFrame.new(-63.992492675781, 8.5672664642334, -43.333164215088, -0.2076461315155, 4.7240156675343e-08, 0.97820401191711, 3.6402344250064e-08, 1, -4.0565517167579e-08, -0.97820401191711, 2.7185645734562e-08, -0.2076461315155))
game:GetService("ReplicatedStorage").RemoteEvents.ToolDamageObject:InvokeServer(.TreeBig2 --[[Nil Parent]], game:GetService("Players").LocalPlayer.Inventory["Strong Axe"], "41_8401342884", CFrame.new(-63.992492675781, 8.5672664642334, -43.333164215088, -0.2076461315155, -9.5006491562799e-09, 0.97820401191711, -6.8120438179164e-09, 1, 8.266327178319e-09, -0.97820401191711, -4.9470973984e-09, -0.2076461315155))
game:GetService("ReplicatedStorage").RemoteEvents.ToolDamageObject:InvokeServer(.TreeBig2 --[[Nil Parent]], game:GetService("Players").LocalPlayer.Inventory["Strong Axe"], "42_8401342884", CFrame.new(-63.992492675781, 8.5672664642334, -43.333164215088, -0.2076461315155, 9.1531823898094e-08, 0.97820401191711, 6.7435024675433e-08, 1, -7.9256679441642e-08, -0.97820401191711, 4.950787158009e-08, -0.2076461315155))
game:GetService("ReplicatedStorage").RemoteEvents.ToolDamageObject:InvokeServer(.TreeBig2 --[[Nil Parent]], game:GetService("Players").LocalPlayer.Inventory["Strong Axe"], "43_8401342884", CFrame.new(-63.992492675781, 8.5672664642334, -43.333164215088, -0.2076461315155, 9.5585022563682e-08, 0.97820401191711, 6.9348992326468e-08, 1, -8.2993906858064e-08, -0.97820401191711, 5.0604096912821e-08, -0.2076461315155))
game:GetService("ReplicatedStorage").RemoteEvents.ToolDamageObject:InvokeServer(.TreeBig2 --[[Nil Parent]], game:GetService("Players").LocalPlayer.Inventory["Strong Axe"], "44_8401342884", CFrame.new(-63.992492675781, 8.5672664642334, -43.333164215088, -0.2076461315155, -1.5163660549433e-08, 0.97820401191711, -1.0998356891889e-08, 1, 1.3166879142545e-08, -0.97820401191711, -8.0245854405803e-09, -0.2076461315155))
game:GetService("ReplicatedStorage").RemoteEvents.ToolDamageObject:InvokeServer(.TreeBig2 --[[Nil Parent]], game:GetService("Players").LocalPlayer.Inventory["Strong Axe"], "45_8401342884", CFrame.new(-63.992492675781, 8.5672664642334, -43.333164215088, -0.2076461315155, 6.4256902021498e-08, 0.97820401191711, 4.6546809073789e-08, 1, -5.5808030197113e-08, -0.97820401191711, 3.3943955202176e-08, -0.2076461315155))
game:GetService("ReplicatedStorage").RemoteEvents.ToolDamageObject:InvokeServer(.TreeBig2 --[[Nil Parent]], game:GetService("Players").LocalPlayer.Inventory["Strong Axe"], "46_8401342884", CFrame.new(-63.992492675781, 8.5672664642334, -43.333164215088, -0.2076461315155, -8.4334693895016e-08, 0.97820401191711, -6.108989225595e-08, 1, 7.3246084753009e-08, -0.97820401191711, -4.4549114619485e-08, -0.2076461315155))
game:GetService("ReplicatedStorage").RemoteEvents.ToolDamageObject:InvokeServer(.TreeBig2 --[[Nil Parent]], game:GetService("Players").LocalPlayer.Inventory["Strong Axe"], "47_8401342884", CFrame.new(-63.992492675781, 8.5672664642334, -43.333164215088, -0.2076461315155, 3.1434012726095e-08, 0.97820401191711, 2.2769631513597e-08, 1, -2.7301039651206e-08, -0.97820401191711, 1.660439075124e-08, -0.2076461315155))
game:GetService("ReplicatedStorage").RemoteEvents.ToolDamageObject:InvokeServer(.TreeBig2 --[[Nil Parent]], game:GetService("Players").LocalPlayer.Inventory["Strong Axe"], "48_8401342884", CFrame.new(-63.992492675781, 8.5672664642334, -43.333164215088, -0.2076461315155, -6.2216592766617e-08, 0.97820401191711, -4.5067572784774e-08, 1, 5.4036256358359e-08, -0.97820401191711, -3.2864861054804e-08, -0.2076461315155))
game:GetService("ReplicatedStorage").RemoteEvents.ToolDamageObject:InvokeServer(.TreeBig2 --[[Nil Parent]], game:GetService("Players").LocalPlayer.Inventory["Strong Axe"], "49_8401342884", CFrame.new(-63.992492675781, 8.5672664642334, -43.333164215088, -0.2076461315155, 2.8672744178948e-08, 0.97820401191711, 2.0769478581428e-08, 1, -2.4902822914896e-08, -0.97820401191711, 1.5145811715911e-08, -0.2076461315155))
game:GetService("ReplicatedStorage").RemoteEvents.ToolDamageObject:InvokeServer(.TreeBig2 --[[Nil Parent]], game:GetService("Players").LocalPlayer.Inventory["Strong Axe"], "50_8401342884", CFrame.new(-63.992492675781, 8.5672664642334, -43.333164215088, -0.2076461315155, 4.3101209712404e-08, 0.97820401191711, 3.1221091489897e-08, 1, -3.7434187305507e-08, -0.97820401191711, 2.2767531859813e-08, -0.2076461315155))
game:GetService("ReplicatedStorage").RemoteEvents.ToolDamageObject:InvokeServer(.TreeBig2 --[[Nil Parent]], game:GetService("Players").LocalPlayer.Inventory["Strong Axe"], "51_8401342884", CFrame.new(-63.992492675781, 8.5672664642334, -43.333164215088, -0.2076461315155, -9.6729166898513e-09, 0.97820401191711, -7.0066832336124e-09, 1, 8.4011162471143e-09, -0.97820401191711, -5.1095065956019e-09, -0.2076461315155))
game:GetService("ReplicatedStorage").RemoteEvents.ToolDamageObject:InvokeServer(.TreeBig2 --[[Nil Parent]], game:GetService("Players").LocalPlayer.Inventory["Strong Axe"], "52_8401342884", CFrame.new(-63.992492675781, 8.5672664642334, -43.333164215088, -0.2076461315155, 1.0479193690571e-07, 0.97820401191711, 7.5908580754458e-08, 1, -9.1013546921204e-08, -0.97820401191711, 5.5355467765139e-08, -0.2076461315155))
game:GetService("ReplicatedStorage").RemoteEvents.ToolDamageObject:InvokeServer(.TreeBig2 --[[Nil Parent]], game:GetService("Players").LocalPlayer.Inventory["Strong Axe"], "53_8401342884", CFrame.new(-63.992492675781, 8.5672664642334, -43.333164215088, -0.2076461315155, -1.656188430843e-08, 0.97820401191711, -1.1997021154286e-08, 1, 1.4384267998935e-08, -0.97820401191711, -8.7486968780581e-09, -0.2076461315155))
game:GetService("ReplicatedStorage").RemoteEvents.ToolDamageObject:InvokeServer(.TreeBig2 --[[Nil Parent]], game:GetService("Players").LocalPlayer.Inventory["Strong Axe"], "54_8401342884", CFrame.new(-63.992492675781, 8.5672664642334, -43.333164215088, -0.2076461315155, 1.0310449027884e-07, 0.97820401191711, 7.4686703044335e-08, 1, -8.9547874893015e-08, -0.97820401191711, 5.4464560861334e-08, -0.2076461315155))
game:GetService("ReplicatedStorage").RemoteEvents.ToolDamageObject:InvokeServer(.TreeBig2 --[[Nil Parent]], game:GetService("Players").LocalPlayer.Inventory["Strong Axe"], "55_8401342884", CFrame.new(-63.992492675781, 8.5672664642334, -43.333164215088, -0.2076461315155, -4.4626062845055e-08, 0.97820401191711, -3.2326195054111e-08, 1, 3.8758432907571e-08, -0.97820401191711, -2.3573575091973e-08, -0.2076461315155))
game:GetService("ReplicatedStorage").RemoteEvents.ToolDamageObject:InvokeServer(.TreeBig2 --[[Nil Parent]], game:GetService("Players").LocalPlayer.Inventory["Strong Axe"], "56_8401342884", CFrame.new(-63.992492675781, 8.5672664642334, -43.333164215088, -0.2076461315155, 4.7515630541284e-08, 0.97820401191711, 3.4419560535071e-08, 1, -4.126801655957e-08, -0.97820401191711, 2.5100209910534e-08, -0.2076461315155))
game:GetService("ReplicatedStorage").RemoteEvents.ToolDamageObject:InvokeServer(.TreeBig2 --[[Nil Parent]], game:GetService("Players").LocalPlayer.Inventory["Strong Axe"], "57_8401342884", CFrame.new(-63.992492675781, 8.5672664642334, -43.333164215088, -0.2076461315155, -7.2862938793605e-08, 0.97820401191711, -5.278086234739e-08, 1, 6.3282499240813e-08, -0.97820401191711, -3.849008578527e-08, -0.2076461315155))
game:GetService("ReplicatedStorage").RemoteEvents.ToolDamageObject:InvokeServer(.TreeBig2 --[[Nil Parent]], game:GetService("Players").LocalPlayer.Inventory["Strong Axe"], "58_8401342884", CFrame.new(-63.992492675781, 8.5672664642334, -43.333164215088, -0.2076461315155, 3.8451975825637e-08, 0.97820401191711, 2.7854087036872e-08, 1, -3.3396084120341e-08, -0.97820401191711, 2.031241130851e-08, -0.2076461315155))
game:GetService("ReplicatedStorage").RemoteEvents.ToolDamageObject:InvokeServer(.TreeBig2 --[[Nil Parent]], game:GetService("Players").LocalPlayer.Inventory["Strong Axe"], "59_8401342884", CFrame.new(-63.992492675781, 8.5672664642334, -43.333164215088, -0.2076461315155, -3.414703186877e-08, 0.97820401191711, -2.4735687276234e-08, 1, 2.9657169164921e-08, -0.97820401191711, -1.8038351257132e-08, -0.2076461315155))
game:GetService("ReplicatedStorage").RemoteEvents.ToolDamageObject:InvokeServer(.TreeBig2 --[[Nil Parent]], game:GetService("Players").LocalPlayer.Inventory["Strong Axe"], "60_8401342884", CFrame.new(-63.992492675781, 8.5672664642334, -43.333164215088, -0.2076461315155, 1.3239509932816e-08, 0.97820401191711, 9.5905319241751e-09, 1, -1.1498697993773e-08, -0.97820401191711, 6.9938361768607e-09, -0.2076461315155))
game:GetService("ReplicatedStorage").RemoteEvents.ToolDamageObject:InvokeServer(.TreeBig2 --[[Nil Parent]], game:GetService("Players").LocalPlayer.Inventory["Strong Axe"], "61_8401342884", CFrame.new(-63.992492675781, 8.5672664642334, -43.333164215088, -0.2076461315155, 6.8097726568794e-08, 0.97820401191711, 4.9329326401448e-08, 1, -5.9143779651549e-08, -0.97820401191711, 3.5973169332237e-08, -0.2076461315155))
game:GetService("ReplicatedStorage").RemoteEvents.ToolDamageObject:InvokeServer(.TreeBig2 --[[Nil Parent]], game:GetService("Players").LocalPlayer.Inventory["Strong Axe"], "62_8401342884", CFrame.new(-63.992492675781, 8.5672664642334, -43.333164215088, -0.2076461315155, 2.0797280342322e-08, 0.97820401191711, 1.506541380536e-08, 1, -1.806269978033e-08, -0.97820401191711, 1.0986397569468e-08, -0.2076461315155))
game:GetService("ReplicatedStorage").RemoteEvents.ToolDamageObject:InvokeServer(.TreeBig2 --[[Nil Parent]], game:GetService("Players").LocalPlayer.Inventory["Strong Axe"], "63_8401342884", CFrame.new(-63.992492675781, 8.5672664642334, -43.333164215088, -0.2076461315155, -5.9435699029109e-08, 0.97820401191711, -4.30548219299e-08, 1, 5.1620656194018e-08, -0.97820401191711, -3.1397568989178e-08, -0.2076461315155))
game:GetService("ReplicatedStorage").RemoteEvents.ToolDamageObject:InvokeServer(.TreeBig2 --[[Nil Parent]], game:GetService("Players").LocalPlayer.Inventory["Strong Axe"], "64_8401342884", CFrame.new(-63.992492675781, 8.5672664642334, -43.333164215088, -0.2076461315155, 4.1471334810694e-08, 0.97820401191711, 3.0041718446228e-08, 1, -3.6018345639377e-08, -0.97820401191711, 2.1907858638315e-08, -0.2076461315155))
game:GetService("ReplicatedStorage").RemoteEvents.ToolDamageObject:InvokeServer(.TreeBig2 --[[Nil Parent]], game:GetService("Players").LocalPlayer.Inventory["Strong Axe"], "65_8401342884", CFrame.new(-63.992492675781, 8.5672664642334, -43.333164215088, -0.2076461315155, -7.225854403714e-08, 0.97820401191711, -5.2344049095154e-08, 1, 6.2757365526522e-08, -0.97820401191711, -3.8171833693923e-08, -0.2076461315155))
game:GetService("ReplicatedStorage").RemoteEvents.ToolDamageObject:InvokeServer(.TreeBig2 --[[Nil Parent]], game:GetService("Players").LocalPlayer.Inventory["Strong Axe"], "66_8401342884", CFrame.new(-63.992492675781, 8.5672664642334, -43.333164215088, -0.2076461315155, 1.7932478613147e-08, 0.97820401191711, 1.2990333253526e-08, 1, -1.5574549649955e-08, -0.97820401191711, 9.4732008903975e-09, -0.2076461315155))
game:GetService("ReplicatedStorage").RemoteEvents.ToolDamageObject:InvokeServer(.TreeBig2 --[[Nil Parent]], game:GetService("Players").LocalPlayer.Inventory["Strong Axe"], "67_8401342884", CFrame.new(-63.992492675781, 8.5672664642334, -43.333164215088, -0.2076461315155, 2.4898001882434e-08, 0.97820401191711, 1.8036246274278e-08, 1, -2.1624165569278e-08, -0.97820401191711, 1.3152954281281e-08, -0.2076461315155))
game:GetService("ReplicatedStorage").RemoteEvents.ToolDamageObject:InvokeServer(.TreeBig2 --[[Nil Parent]], game:GetService("Players").LocalPlayer.Inventory["Strong Axe"], "68_8401342884", CFrame.new(-63.992492675781, 8.5672664642334, -43.333164215088, -0.2076461315155, 2.3927487546871e-08, 0.97820401191711, 1.7333237067874e-08, 1, -2.0781255827274e-08, -0.97820401191711, 1.2640294144717e-08, -0.2076461315155))
game:GetService("ReplicatedStorage").RemoteEvents.ToolDamageObject:InvokeServer(.TreeBig2 --[[Nil Parent]], game:GetService("Players").LocalPlayer.Inventory["Strong Axe"], "69_8401342884", CFrame.new(-63.992492675781, 8.5672664642334, -43.333164215088, -0.2076461315155, -8.7863469389049e-08, 0.97820401191711, -6.3649267190158e-08, 1, 7.6310200824992e-08, -0.97820401191711, -4.6416449350772e-08, -0.2076461315155))
game:GetService("ReplicatedStorage").RemoteEvents.ToolDamageObject:InvokeServer(.TreeBig2 --[[Nil Parent]], game:GetService("Players").LocalPlayer.Inventory["Strong Axe"], "70_8401342884", CFrame.new(-63.992492675781, 8.5672664642334, -43.333164215088, -0.2076461315155, 4.9855302108881e-08, 0.97820401191711, 3.6115842760864e-08, 1, -4.3299746010916e-08, -0.97820401191711, 2.6337637848428e-08, -0.2076461315155))
game:GetService("ReplicatedStorage").RemoteEvents.ToolDamageObject:InvokeServer(.TreeBig2 --[[Nil Parent]], game:GetService("Players").LocalPlayer.Inventory["Strong Axe"], "71_8401342884", CFrame.new(-63.992492675781, 8.5672664642334, -43.333164215088, -0.2076461315155, -5.2265285432895e-08, 0.97820401191711, -3.7861696000618e-08, 1, 4.5392830827495e-08, -0.97820401191711, -2.7610816744073e-08, -0.2076461315155))
game:GetService("ReplicatedStorage").RemoteEvents.ToolDamageObject:InvokeServer(.TreeBig2 --[[Nil Parent]], game:GetService("Players").LocalPlayer.Inventory["Strong Axe"], "72_8401342884", CFrame.new(-63.992492675781, 8.5672664642334, -43.333164215088, -0.2076461315155, -4.4744568050703e-09, 0.97820401191711, -3.241351853589e-09, 1, 3.8861038831328e-09, -0.97820401191711, -2.3637689583467e-09, -0.2076461315155))
game:GetService("ReplicatedStorage").RemoteEvents.ToolDamageObject:InvokeServer(.TreeBig2 --[[Nil Parent]], game:GetService("Players").LocalPlayer.Inventory["Strong Axe"], "73_8401342884", CFrame.new(-63.992492675781, 8.5672664642334, -43.333164215088, -0.2076461315155, 8.9102577760514e-08, 0.97820401191711, 6.4547528211278e-08, 1, -7.7386239638599e-08, -0.97820401191711, 4.7071694098122e-08, -0.2076461315155))
firesignal(game:GetService("ReplicatedStorage").RemoteEvents.DestroyObject.OnClientEvent, .TreeBig2 --[[Nil Parent]], CFrame.new(-63.992492675781, 8.5672664642334, -43.333164215088, -0.20766854286194, 0, 0.97819918394089, 0, 1, 0, -0.97819918394089, 0, -0.20766854286194))
game:GetService("ReplicatedStorage").RemoteEvents.UnequipItemHandle:FireServer("FireAllClients", game:GetService("Players").LocalPlayer.Inventory["Strong Axe"])
