--[[
    CONTEXT: ROBLOX AUTOMATION / LOG ANALYSIS
    SOURCE: Extracted from Cobalt Executor Logs (HTML Session)
    
    SUMMARY:
    This script represents a CLEANED REPLAY of gameplay actions. 
    It has been compacted for AI readability (HTML-Only Mode).
]]

game:GetService("ReplicatedStorage").RemoteEvents.EquipItemHandle:FireServer("FireAllClients", game:GetService("Players").LocalPlayer.Inventory["Strong Axe"])
game:GetService("ReplicatedStorage").RemoteEvents.PlayEnemyHitSound:FireServer("FireAllClients", .Bunny --[[Nil Parent]], game:GetService("Players").LocalPlayer.Inventory["Strong Axe"])
game:GetService("ReplicatedStorage").RemoteEvents.RequestReplicateSound:FireServer("FireAllClients", "WeaponHit", { Instance = game:GetService("Players").LocalPlayer.Character.Head, Volume = 0.4 })
game:GetService("ReplicatedStorage").RemoteEvents.ToolDamageObject:InvokeServer(.Bunny --[[Nil Parent]], game:GetService("Players").LocalPlayer.Inventory["Strong Axe"], "1_8401342884", CFrame.new(-28.265174865723, 3.2571170330048, -94.784324645996, 0.99351108074188, 1.8100013932099e-08, 0.11373524367809, -2.4185345282035e-08, 1, 5.2124523364228e-08, -0.11373524367809, -5.4537018456813e-08, 0.99351108074188))
firesignal(game:GetService("ReplicatedStorage").RemoteEvents.ToolDamageObject.OnClientEvent, { Success = true })
game:GetService("ReplicatedStorage").RemoteEvents.ToolDamageObject:InvokeServer(.Bunny --[[Nil Parent]], game:GetService("Players").LocalPlayer.Inventory["Strong Axe"], "2_8401342884", CFrame.new(-28.265171051025, 3.2571170330048, -94.784378051758, 0.99351137876511, -2.5931472080742e-08, 0.1137328967452, 3.3574117708213e-08, 1, -6.5282740990824e-08, -0.1137328967452, 6.8677628917158e-08, 0.99351137876511))
firesignal(game:GetService("ReplicatedStorage").RemoteEvents.ChangeColorCorrection.OnClientEvent, "Day", 6)
game:GetService("ReplicatedStorage").RemoteEvents.ToolDamageObject:InvokeServer(.Bunny --[[Nil Parent]], game:GetService("Players").LocalPlayer.Inventory["Strong Axe"], "3_8401342884", CFrame.new(-28.417665481567, 1.831552028656, -157.65830993652, 0.99741077423096, 1.3619684047228e-08, 0.071914479136467, -1.5743891523812e-08, 1, 2.8971141929901e-08, -0.071914479136467, -3.0028346031941e-08, 0.99741077423096))
firesignal(game:GetService("ReplicatedStorage").RemoteEvents.PlayDeathAnimation.OnClientEvent, .Bunny --[[Nil Parent]])
game:GetService("ReplicatedStorage").RemoteEvents.ToolDamageObject:InvokeServer(.Bunny --[[Nil Parent]], game:GetService("Players").LocalPlayer.Inventory["Strong Axe"], "4_8401342884", CFrame.new(-21.14165687561, 1.6145405769348, -107.50438690186, -0.97916412353516, 9.6322793297077e-08, -0.20307032763958, 7.65826015936e-08, 1, 1.0506631298313e-07, 0.20307032763958, 8.7325517483805e-08, -0.97916412353516))
game:GetService("ReplicatedStorage").RemoteEvents.ToolDamageObject:InvokeServer(.Bunny --[[Nil Parent]], game:GetService("Players").LocalPlayer.Inventory["Strong Axe"], "5_8401342884", CFrame.new(-21.141645431519, 1.6145405769348, -107.50433349609, -0.97916412353516, 3.8103461719174e-08, -0.20307046175003, 3.033798634533e-08, 1, 4.1353093394036e-08, 0.20307046175003, 3.4330717824105e-08, -0.97916412353516))
game:GetService("ReplicatedStorage").RemoteEvents.ToolDamageObject:InvokeServer(.Bunny --[[Nil Parent]], game:GetService("Players").LocalPlayer.Inventory["Strong Axe"], "6_8401342884", CFrame.new(-21.726472854614, 3.3727335929871, -88.121467590332, -0.81658262014389, -3.4121654834962e-08, 0.57722860574722, -5.7160210786833e-08, 1, -2.1749400502813e-08, -0.57722860574722, -5.0754692892951e-08, -0.81658262014389))
firesignal(game:GetService("ReplicatedStorage").RemoteEvents.DayDisplay.OnClientEvent, 2, 1, {}, { npcs = { "Pelt Trader" }, berries = 0, rain = 19, plants = {}, attack = 15 })
game:GetService("ReplicatedStorage").RemoteEvents.EquipItemHandle:FireServer("FireAllClients", game:GetService("Players").LocalPlayer.Inventory.Spear)
game:GetService("ReplicatedStorage").RemoteEvents.PlayerSprinting:FireServer(true)
game:GetService("ReplicatedStorage").RemoteEvents.PlayEnemyHitSound:FireServer("FireAllClients", .Bunny --[[Nil Parent]], game:GetService("Players").LocalPlayer.Inventory.Spear)
game:GetService("ReplicatedStorage").RemoteEvents.ToolDamageObject:InvokeServer(.Bunny --[[Nil Parent]], game:GetService("Players").LocalPlayer.Inventory.Spear, "7_8401342884", CFrame.new(-112.14740753174, 0.71222770214081, -193.04559326172, 0.87065494060516, -4.786359752984e-09, 0.49189430475235, 2.0604908002042e-08, 1, -2.6740305969497e-08, -0.49189430475235, 3.3417016709336e-08, 0.87065494060516))
game:GetService("ReplicatedStorage").RemoteEvents.PlayerSprinting:FireServer(false)
game:GetService("ReplicatedStorage").RemoteEvents.ToolDamageObject:InvokeServer(.Bunny --[[Nil Parent]], game:GetService("Players").LocalPlayer.Inventory.Spear, "8_8401342884", CFrame.new(-112.1494140625, 0.71222770214081, -193.05030822754, 0.87065750360489, 6.3056999621836e-09, 0.4918897151947, -2.7588622941721e-08, 1, 3.6013236837107e-08, -0.4918897151947, -4.4925755560143e-08, 0.87065750360489))
game:GetService("ReplicatedStorage").RemoteEvents.ToolDamageObject:InvokeServer(.Bunny --[[Nil Parent]], game:GetService("Players").LocalPlayer.Inventory.Spear, "9_8401342884", CFrame.new(-182.12084960938, 2.2000689506531, -151.79794311523, -0.84281724691391, 2.4533338915944e-08, 0.53819984197617, 5.604215758126e-08, 1, 4.2177568104762e-08, -0.53819984197617, 6.5709862440144e-08, -0.84281724691391))
game:GetService("ReplicatedStorage").RemoteEvents.ToolDamageObject:InvokeServer(.Bunny --[[Nil Parent]], game:GetService("Players").LocalPlayer.Inventory.Spear, "10_8401342884", CFrame.new(-182.33320617676, 2.2070255279541, -151.46702575684, -0.8427649140358, -2.3854200392748e-08, 0.53828185796738, -5.4973142482595e-08, 1, -4.1753654755894e-08, -0.53828185796738, -6.4779563047068e-08, -0.8427649140358))
game:GetService("ReplicatedStorage").RemoteEvents.AnalyticsTimeFirstPerson:FireServer(0, 60)
firesignal(game:GetService("ReplicatedStorage").RemoteEvents.TargettedSound.OnClientEvent, )
firesignal(game:GetService("ReplicatedStorage").RemoteEvents.FireEnemyProjectile.OnClientEvent, Vector3.new(-396.65216064453, 4.1837568283081, -357.93151855469), Vector3.new(0.88840371370316, 0.029274895787239, 0.45812854170799), { ProjectileName = "Arrow", ProjectileDamage = 20, Speed = 130, NPCModel = workspace.Items["Crossbow Cultist"], ProjectileGravity = 20 })
game:GetService("ReplicatedStorage").RemoteEvents.NPCProjectileDamagePlayer:FireServer(game:GetService("Players").LocalPlayer.Character, game:GetService("Players").LocalPlayer.Character.Head, workspace.Items["Crossbow Cultist"])
game:GetService("ReplicatedStorage").RemoteEvents.PlayEnemyHitSound:FireServer("FireAllClients", workspace.Items["Crossbow Cultist"], game:GetService("Players").LocalPlayer.Inventory.Spear)
game:GetService("ReplicatedStorage").RemoteEvents.ToolDamageObject:InvokeServer(workspace.Items["Crossbow Cultist"], game:GetService("Players").LocalPlayer.Inventory.Spear, "11_8401342884", CFrame.new(-393.6252746582, 3.1837561130524, -353.98739624023, 0.27665901184082, -2.1737944777556e-08, 0.96096813678741, 4.5505164081305e-08, 1, 9.5201189154182e-09, -0.96096813678741, 4.1095187697238e-08, 0.27665901184082))
game:GetService("ReplicatedStorage").RemoteEvents.ToolDamageObject:InvokeServer(workspace.Items["Crossbow Cultist"], game:GetService("Players").LocalPlayer.Inventory.Spear, "12_8401342884", CFrame.new(-394.80841064453, 3.1837565898895, -354.32791137695, 0.27665880322456, -4.9739412588679e-08, 0.96096819639206, 1.0418534657219e-07, 1, 2.1765153235265e-08, -0.96096819639206, 9.409728107812e-08, 0.27665880322456))
game:GetService("ReplicatedStorage").RemoteEvents.ToolDamageObject:InvokeServer(workspace.Items["Crossbow Cultist"], game:GetService("Players").LocalPlayer.Inventory.Spear, "13_8401342884", CFrame.new(-394.80841064453, 3.1837565898895, -354.32791137695, 0.27665880322456, 1.5488515359152e-08, 0.96096819639206, -3.2452902587465e-08, 1, -6.774558247713e-09, -0.96096819639206, -2.9311966187606e-08, 0.27665880322456))
firesignal(game:GetService("ReplicatedStorage").RemoteEvents.FireEnemyProjectile.OnClientEvent, Vector3.new(-396.65216064453, 4.1837568283081, -357.93151855469), Vector3.new(0.43187564611435, 0.12282039225101, 0.89353156089783), { ProjectileName = "Arrow", ProjectileDamage = 20, Speed = 130, NPCModel = workspace.Items["Crossbow Cultist"], ProjectileGravity = 20 })
game:GetService("ReplicatedStorage").RemoteEvents.NPCProjectileDamagePlayer:FireServer(game:GetService("Players").LocalPlayer.Character, game:GetService("Players").LocalPlayer.Character.MessyHair.Handle, workspace.Items["Crossbow Cultist"])
game:GetService("ReplicatedStorage").RemoteEvents.ToolDamageObject:InvokeServer(workspace.Items["Crossbow Cultist"], game:GetService("Players").LocalPlayer.Inventory.Spear, "14_8401342884", CFrame.new(-394.80841064453, 3.1837565898895, -354.32791137695, 0.27665880322456, 5.0594344713772e-08, 0.96096819639206, -1.0600938793459e-07, 1, -2.2129675869564e-08, -0.96096819639206, -9.5749285833335e-08, 0.27665880322456))
game:GetService("ReplicatedStorage").RemoteEvents.ToolDamageObject:InvokeServer(workspace.Items["Crossbow Cultist"], game:GetService("Players").LocalPlayer.Inventory.Spear, "15_8401342884", CFrame.new(-394.80841064453, 3.1837565898895, -354.32791137695, 0.27665880322456, -5.4061427334773e-08, 0.96096819639206, 1.1327372106962e-07, 1, 2.3646206770422e-08, -0.96096819639206, 1.0231051561505e-07, 0.27665880322456))
game:GetService("ReplicatedStorage").RemoteEvents.PlayEnemyHitSound:FireServer("FireAllClients", workspace.Items.Cultist, game:GetService("Players").LocalPlayer.Inventory.Spear)
game:GetService("ReplicatedStorage").RemoteEvents.ToolDamageObject:InvokeServer(workspace.Items.Cultist, game:GetService("Players").LocalPlayer.Inventory.Spear, "16_8401342884", CFrame.new(-394.80841064453, 3.1837565898895, -354.32791137695, 0.27665880322456, -5.4061427334773e-08, 0.96096819639206, 1.1327372106962e-07, 1, 2.3646206770422e-08, -0.96096819639206, 1.0231051561505e-07, 0.27665880322456))
game:GetService("ReplicatedStorage").RemoteEvents.ToolDamageObject:InvokeServer(workspace.Items.Cultist, game:GetService("Players").LocalPlayer.Inventory.Spear, "17_8401342884", CFrame.new(-394.85577392578, 3.1837565898895, -354.18814086914, 0.29842975735664, -2.7061062279898e-09, 0.95443159341812, 4.1960099395055e-08, 1, -1.0284693097162e-08, -0.95443159341812, 4.3117303505369e-08, 0.29842975735664))
game:GetService("ReplicatedStorage").RemoteEvents.ToolDamageObject:InvokeServer(workspace.Items.Cultist, game:GetService("Players").LocalPlayer.Inventory.Spear, "18_8401342884", CFrame.new(-394.51779174805, 3.1836824417114, -353.80590820312, 0.58689701557159, -5.3523899623542e-06, 0.80966156721115, 1.6939237639235e-06, 1, 5.382780727814e-06, -0.80966156721115, -1.7876330957733e-06, 0.58689701557159))
game:GetService("ReplicatedStorage").RemoteEvents.ToolDamageObject:InvokeServer(workspace.Items.Cultist, game:GetService("Players").LocalPlayer.Inventory.Spear, "19_8401342884", CFrame.new(-394.34475708008, 3.1837565898895, -353.62283325195, 0.67650729417801, 3.8287829795536e-08, 0.7364359498024, -6.2534731171127e-08, 1, 5.4551541062153e-09, -0.7364359498024, -4.9743274388447e-08, 0.67650729417801))
game:GetService("ReplicatedStorage").RemoteEvents.ToolDamageObject:InvokeServer(workspace.Items.Cultist, game:GetService("Players").LocalPlayer.Inventory.Spear, "20_8401342884", CFrame.new(-394.34475708008, 3.1837565898895, -353.62283325195, 0.67650729417801, 7.141064628513e-08, 0.7364359498024, -6.313444766981e-10, 1, -9.6387935855091e-08, -0.7364359498024, 6.4742195604595e-08, 0.67650729417801))
game:GetService("ReplicatedStorage").RemoteEvents.EquipItemHandle:FireServer("FireAllClients", game:GetService("Players").LocalPlayer.Inventory.MedKit)
game:GetService("ReplicatedStorage").RemoteEvents.RequestConsumeItem:InvokeServer(.MedKit --[[Nil Parent]])
firesignal(game:GetService("ReplicatedStorage").RemoteEvents.RequestConsumeItem.OnClientEvent, { Success = true })
firesignal(game:GetService("ReplicatedStorage").RemoteEvents.HealEffects.OnClientEvent, "MedKit")
game:GetService("ReplicatedStorage").RemoteEvents.PlayEnemyHitSound:FireServer("FireAllClients", ["Alpha Wolf"] --[[Nil Parent]], game:GetService("Players").LocalPlayer.Inventory.Spear)
game:GetService("ReplicatedStorage").RemoteEvents.ToolDamageObject:InvokeServer(["Alpha Wolf"] --[[Nil Parent]], game:GetService("Players").LocalPlayer.Inventory.Spear, "21_8401342884", CFrame.new(-612.44622802734, -2.0583879947662, -336.73135375977, 0.039808988571167, 2.1541765704569e-08, 0.99920731782913, 2.4623520999967e-08, 1, -2.2539870414562e-08, -0.99920731782913, 2.5501291744945e-08, 0.039808988571167))
game:GetService("ReplicatedStorage").RemoteEvents.ToolDamageObject:InvokeServer(["Alpha Wolf"] --[[Nil Parent]], game:GetService("Players").LocalPlayer.Inventory.Spear, "22_8401342884", CFrame.new(-611.22369384766, -2.0616061687469, -337.70883178711, -0.83589965105057, 2.760593451967e-05, 0.5488823056221, -8.1774109276012e-05, 1, -0.00017482960538473, -0.5488823056221, -0.0001910243590828, -0.83589959144592))
game:GetService("ReplicatedStorage").RemoteEvents.ToolDamageObject:InvokeServer(["Alpha Wolf"] --[[Nil Parent]], game:GetService("Players").LocalPlayer.Inventory.Spear, "23_8401342884", CFrame.new(-611.39642333984, -2.0685081481934, -339.13623046875, -0.91109997034073, -0.014592252671719, -0.41192710399628, -0.0065557877533138, 0.99975973367691, -0.020915761590004, 0.4121333360672, -0.016355842351913, -0.91097670793533))
game:GetService("ReplicatedStorage").RemoteEvents.ToolDamageObject:InvokeServer(["Alpha Wolf"] --[[Nil Parent]], game:GetService("Players").LocalPlayer.Inventory.Spear, "24_8401342884", CFrame.new(-612.68615722656, -2.0671877861023, -339.77752685547, 0.12345040589571, -0.019058475270867, -0.99216771125793, -0.0047341594472528, 0.99979287385941, -0.019793994724751, 0.99233943223953, 0.0071406560018659, 0.12333460897207))
game:GetService("ReplicatedStorage").RemoteEvents.ToolDamageObject:InvokeServer(["Alpha Wolf"] --[[Nil Parent]], game:GetService("Players").LocalPlayer.Inventory.Spear, "25_8401342884", CFrame.new(-613.72729492188, -2.1467161178589, -338.71859741211, 0.92013156414032, -0.082477405667305, -0.38282546401024, 0.033209767192602, 0.99048238992691, -0.13357278704643, 0.3901986181736, 0.11019100248814, 0.9141132235527))
firesignal(game:GetService("ReplicatedStorage").RemoteEvents.PlayDeathAnimation.OnClientEvent, ["Alpha Wolf"] --[[Nil Parent]])
game:GetService("ReplicatedStorage").RemoteEvents.ToolDamageObject:InvokeServer(["Alpha Wolf"] --[[Nil Parent]], game:GetService("Players").LocalPlayer.Inventory.Spear, "26_8401342884", CFrame.new(-673.65893554688, -0.24129545688629, -329.72662353516, -0.16290652751923, -6.3034455877187e-08, 0.98664152622223, -3.4780182289751e-08, 1, 5.814526815584e-08, -0.98664152622223, -2.4843327395274e-08, -0.16290652751923))
game:GetService("ReplicatedStorage").RemoteEvents.ToolDamageObject:InvokeServer(["Alpha Wolf"] --[[Nil Parent]], game:GetService("Players").LocalPlayer.Inventory.Spear, "27_8401342884", CFrame.new(-669.83062744141, -0.24483019113541, -330.66595458984, -0.42308008670807, 0.0087050162255764, 0.90605050325394, -0.00096587528241798, 0.99994891881943, -0.010058174841106, -0.90609180927277, -0.0051305452361703, -0.42305007576942))
game:GetService("ReplicatedStorage").RemoteEvents.ToolDamageObject:InvokeServer(["Alpha Wolf"] --[[Nil Parent]], game:GetService("Players").LocalPlayer.Inventory.Spear, "28_8401342884", CFrame.new(-669.49224853516, -0.24805209040642, -331.9543762207, -0.97291606664658, -0.0027539331931621, -0.2311422675848, 0.0077148135751486, 0.99898517131805, -0.044375285506248, 0.23102989792824, -0.044956646859646, -0.97190743684769))
game:GetService("ReplicatedStorage").RemoteEvents.ToolDamageObject:InvokeServer(["Alpha Wolf"] --[[Nil Parent]], game:GetService("Players").LocalPlayer.Inventory.Spear, "29_8401342884", CFrame.new(-670.56921386719, -0.2457472383976, -332.73709106445, -0.099429331719875, -0.01010949909687, -0.99499326944351, -0.0015035076066852, 0.99994879961014, -0.010009603574872, 0.99504351615906, 0.0005007311119698, -0.099439434707165))
game:GetService("ReplicatedStorage").RemoteEvents.ToolDamageObject:InvokeServer(["Alpha Wolf"] --[[Nil Parent]], game:GetService("Players").LocalPlayer.Inventory.Spear, "30_8401342884", CFrame.new(-671.48785400391, -0.24310705065727, -331.9626159668, 0.9111647605896, -0.00192993611563, -0.41203773021698, -0.0013152225874364, 0.9999703168869, -0.0075921765528619, 0.41204014420509, 0.0074596451595426, 0.91113513708115))
game:GetService("ReplicatedStorage").RemoteEvents.EquipItemHandle:FireServer("FireAllClients", game:GetService("Players").LocalPlayer.Inventory.Rifle)
game:GetService("ReplicatedStorage").RemoteEvents.EquipItemHandle:FireServer("FireAllClients", game:GetService("Players").LocalPlayer.Inventory["Good Sack"])
game:GetService("ReplicatedStorage").RemoteEvents.UnequipItemHandle:FireServer("FireAllClients", game:GetService("Players").LocalPlayer.Inventory.Rifle)
game:GetService("ReplicatedStorage").RemoteEvents.UnequipItemHandle:FireServer("FireAllClients", game:GetService("Players").LocalPlayer.Inventory["Strong Axe"])
game:GetService("ReplicatedStorage").RemoteEvents.UnequipItemHandle:FireServer("FireAllClients", game:GetService("Players").LocalPlayer.Inventory.Spear)
game:GetService("ReplicatedStorage").RemoteEvents.UnequipItemHandle:FireServer("FireAllClients", game:GetService("Players").LocalPlayer.Inventory.MedKit)
