--[[
    CONTEXT: ROBLOX AUTOMATION / LOG ANALYSIS
    SOURCE: Extracted from Cobalt Executor Logs (HTML Session)
    
    SUMMARY:
    This script represents a CLEANED REPLAY of gameplay actions. 
    It has been compacted for AI readability (HTML-Only Mode).
]]

game:GetService("ReplicatedStorage").RemoteEvents.EquipItemHandle:FireServer("FireAllClients", game:GetService("Players").LocalPlayer.Inventory["Old Axe"])
game:GetService("ReplicatedStorage").RemoteEvents.UnequipItemHandle:FireServer("FireAllClients", game:GetService("Players").LocalPlayer.Inventory["Old Axe"])
game:GetService("ReplicatedStorage").RemoteEvents.EquipItemHandle:FireServer("FireAllClients", game:GetService("Players").LocalPlayer.Inventory["Old Sack"])
game:GetService("ReplicatedStorage").RemoteEvents.UnequipItemHandle:FireServer("FireAllClients", game:GetService("Players").LocalPlayer.Inventory["Old Sack"])
game:GetService("ReplicatedStorage").RemoteEvents.PlayEnemyHitSound:FireServer("FireAllClients", ["Small Tree"] --[[Nil Parent]], game:GetService("Players").LocalPlayer.Inventory["Old Axe"])
game:GetService("ReplicatedStorage").RemoteEvents.ToolDamageObject:InvokeServer(["Small Tree"] --[[Nil Parent]], game:GetService("Players").LocalPlayer.Inventory["Old Axe"], "1_8401342884", CFrame.new(-45.808616638184, 3.9872081279755, 44.872219085693, -0.98682916164398, -2.8998258017054e-08, -0.16176606714725, -2.469834825547e-08, 1, -2.8591955469892e-08, 0.16176606714725, -2.4220021543897e-08, -0.98682916164398))
game:GetService("ReplicatedStorage").RemoteEvents.RequestReplicateSound:FireServer("FireAllClients", "WoodChop", { Instance = game:GetService("Players").LocalPlayer.Character.Head, Volume = 0.4 })
firesignal(game:GetService("ReplicatedStorage").RemoteEvents.ToolDamageObject.OnClientEvent, { Success = true })
game:GetService("ReplicatedStorage").RemoteEvents.ToolDamageObject:InvokeServer(["Small Tree"] --[[Nil Parent]], game:GetService("Players").LocalPlayer.Inventory["Old Axe"], "2_8401342884", CFrame.new(-45.808616638184, 3.9872081279755, 44.872219085693, -0.98682916164398, -3.3665219945078e-08, -0.16176606714725, -2.9068454310277e-08, 1, -3.0782846494048e-08, 0.16176606714725, -2.5675120696178e-08, -0.98682916164398))
game:GetService("ReplicatedStorage").RemoteEvents.ToolDamageObject:InvokeServer(["Small Tree"] --[[Nil Parent]], game:GetService("Players").LocalPlayer.Inventory["Old Axe"], "3_8401342884", CFrame.new(-45.808616638184, 3.9872081279755, 44.872219085693, -0.98682916164398, -3.7564333865703e-08, -0.16176606714725, -3.2719558618055e-08, 1, -3.261327563564e-08, 0.16176606714725, -2.6890816684499e-08, -0.98682916164398))
game:GetService("ReplicatedStorage").RemoteEvents.ToolDamageObject:InvokeServer(["Small Tree"] --[[Nil Parent]], game:GetService("Players").LocalPlayer.Inventory["Old Axe"], "4_8401342884", CFrame.new(-45.808616638184, 3.9872081279755, 44.872219085693, -0.98682916164398, -4.1674137918335e-08, -0.16176606714725, -3.6567946892774e-08, 1, -3.4542619431477e-08, 0.16176606714725, -2.8172211230526e-08, -0.98682916164398))
game:GetService("ReplicatedStorage").RemoteEvents.ToolDamageObject:InvokeServer(["Small Tree"] --[[Nil Parent]], game:GetService("Players").LocalPlayer.Inventory["Old Axe"], "5_8401342884", CFrame.new(-45.808616638184, 3.9872081279755, 44.872219085693, -0.98682916164398, -4.5810914173217e-08, -0.16176606714725, -4.0441594961749e-08, 1, -3.6484614440724e-08, 0.16176606714725, -2.9462004391689e-08, -0.98682916164398))
game:GetService("ReplicatedStorage").RemoteEvents.ToolDamageObject:InvokeServer(["Small Tree"] --[[Nil Parent]], game:GetService("Players").LocalPlayer.Inventory["Old Axe"], "6_8401342884", CFrame.new(-45.808616638184, 3.9872081279755, 44.872219085693, -0.98682916164398, -4.9002185420477e-08, -0.16176606714725, -4.342987125483e-08, 1, -3.7982765377365e-08, 0.16176606714725, -3.0457020017138e-08, -0.98682916164398))
game:GetService("ReplicatedStorage").RemoteEvents.ToolDamageObject:InvokeServer(["Small Tree"] --[[Nil Parent]], game:GetService("Players").LocalPlayer.Inventory["Old Axe"], "7_8401342884", CFrame.new(-45.808616638184, 3.9872081279755, 44.872219085693, -0.98682916164398, -5.2011074558322e-08, -0.16176606714725, -4.6247375706798e-08, 1, -3.939527104535e-08, 0.16176606714725, -3.1395146038449e-08, -0.98682916164398))
game:GetService("ReplicatedStorage").RemoteEvents.ToolDamageObject:InvokeServer(["Small Tree"] --[[Nil Parent]], game:GetService("Players").LocalPlayer.Inventory["Old Axe"], "8_8401342884", CFrame.new(-45.808616638184, 3.9872081279755, 44.872219085693, -0.98682916164398, -5.4943811278463e-08, -0.16176606714725, -4.8993566537092e-08, 1, -4.0772025755587e-08, 0.16176606714725, -3.230952572153e-08, -0.98682916164398))
game:GetService("ReplicatedStorage").RemoteEvents.ToolDamageObject:InvokeServer(["Small Tree"] --[[Nil Parent]], game:GetService("Players").LocalPlayer.Inventory["Old Axe"], "9_8401342884", CFrame.new(-45.808616638184, 3.9872081279755, 44.872219085693, -0.98682916164398, -5.7990291679744e-08, -0.16176606714725, -5.184627127619e-08, 1, -4.2202181305129e-08, 0.16176606714725, -3.3259372145267e-08, -0.98682916164398))
game:GetService("ReplicatedStorage").RemoteEvents.ToolDamageObject:InvokeServer(["Small Tree"] --[[Nil Parent]], game:GetService("Players").LocalPlayer.Inventory["Old Axe"], "10_8401342884", CFrame.new(-45.808616638184, 3.9872081279755, 44.872219085693, -0.98682916164398, -6.1045952293171e-08, -0.16176606714725, -5.4707566476964e-08, 1, -4.3636646296363e-08, 0.16176606714725, -3.4212085608942e-08, -0.98682916164398))
game:GetService("ReplicatedStorage").RemoteEvents.ToolDamageObject:InvokeServer(["Small Tree"] --[[Nil Parent]], game:GetService("Players").LocalPlayer.Inventory["Old Axe"], "11_8401342884", CFrame.new(-45.808616638184, 3.9872081279755, 44.872219085693, -0.98682916164398, -6.3927870996849e-08, -0.16176606714725, -5.7406182918385e-08, 1, -4.4989537428819e-08, 0.16176606714725, -3.5110616636302e-08, -0.98682916164398))
game:GetService("ReplicatedStorage").RemoteEvents.ToolDamageObject:InvokeServer(["Small Tree"] --[[Nil Parent]], game:GetService("Players").LocalPlayer.Inventory["Old Axe"], "12_8401342884", CFrame.new(-45.808616638184, 3.9872081279755, 44.872219085693, -0.98682916164398, -6.6732049219809e-08, -0.16176606714725, -6.0031993598386e-08, 1, -4.6305935086366e-08, 0.16176606714725, -3.5984907498232e-08, -0.98682916164398))
game:GetService("ReplicatedStorage").RemoteEvents.ToolDamageObject:InvokeServer(["Small Tree"] --[[Nil Parent]], game:GetService("Players").LocalPlayer.Inventory["Old Axe"], "13_8401342884", CFrame.new(-45.808616638184, 3.9872081279755, 44.872219085693, -0.98682916164398, -6.9376433486923e-08, -0.16176606714725, -6.2508171083664e-08, 1, -4.754733140544e-08, 0.16176606714725, -3.6809389314385e-08, -0.98682916164398))
firesignal(game:GetService("ReplicatedStorage").RemoteEvents.DestroyObject.OnClientEvent, ["Small Tree"] --[[Nil Parent]], CFrame.new(-45.808616638184, 3.9872081279755, 44.872219085693, -0.98683214187622, 0, -0.16175028681755, 0, 1, 0, 0.16175028681755, 0, -0.98683214187622))
game:GetService("ReplicatedStorage").RemoteEvents.ToolDamageObject:InvokeServer(["Small Tree"] --[[Nil Parent]], game:GetService("Players").LocalPlayer.Inventory["Old Axe"], "14_8401342884", CFrame.new(-67.859580993652, 5.2410740852356, 38.316520690918, 0.82950901985168, -3.5748566773464e-08, 0.55849331617355, -6.7805321357639e-09, 1, 7.4079814282868e-08, -0.55849331617355, -6.5236754664966e-08, 0.82950901985168))
game:GetService("ReplicatedStorage").RemoteEvents.ToolDamageObject:InvokeServer(["Small Tree"] --[[Nil Parent]], game:GetService("Players").LocalPlayer.Inventory["Old Axe"], "15_8401342884", CFrame.new(-67.859580993652, 5.2410740852356, 38.316520690918, 0.82950901985168, -4.4931666720593e-10, 0.55849331617355, -9.7077020033698e-11, 1, 9.4870056255303e-10, -0.55849331617355, -8.4117257603822e-10, 0.82950901985168))
game:GetService("ReplicatedStorage").RemoteEvents.ToolDamageObject:InvokeServer(["Small Tree"] --[[Nil Parent]], game:GetService("Players").LocalPlayer.Inventory["Old Axe"], "16_8401342884", CFrame.new(-67.859580993652, 5.2410740852356, 38.316520690918, 0.82950901985168, 3.9116741845646e-08, 0.55849331617355, 7.2111139282072e-09, 1, -8.0750162112508e-08, -0.55849331617355, 7.1010347824085e-08, 0.82950901985168))
game:GetService("ReplicatedStorage").RemoteEvents.ToolDamageObject:InvokeServer(["Small Tree"] --[[Nil Parent]], game:GetService("Players").LocalPlayer.Inventory["Old Axe"], "17_8401342884", CFrame.new(-67.859580993652, 5.2410740852356, 38.316520690918, 0.82950901985168, 2.2089901463573e-08, 0.55849331617355, 4.070384918009e-09, 1, -4.5598255837831e-08, -0.55849331617355, 4.0097447140397e-08, 0.82950901985168))
game:GetService("ReplicatedStorage").RemoteEvents.ToolDamageObject:InvokeServer(["Small Tree"] --[[Nil Parent]], game:GetService("Players").LocalPlayer.Inventory["Old Axe"], "18_8401342884", CFrame.new(-67.859580993652, 5.2410740852356, 38.316520690918, 0.82950901985168, 3.3950549038764e-09, 0.55849331617355, 6.2554550428473e-10, 1, -7.0080528047356e-09, -0.55849331617355, 6.1626059810749e-09, 0.82950901985168))
game:GetService("ReplicatedStorage").RemoteEvents.ToolDamageObject:InvokeServer(["Small Tree"] --[[Nil Parent]], game:GetService("Players").LocalPlayer.Inventory["Old Axe"], "19_8401342884", CFrame.new(-67.859580993652, 5.2410740852356, 38.316520690918, 0.82950901985168, -2.4118458341604e-08, 0.55849331617355, -4.4440886526331e-09, 1, 4.9785501943234e-08, -0.55849331617355, -4.3779515124243e-08, 0.82950901985168))
game:GetService("ReplicatedStorage").RemoteEvents.ToolDamageObject:InvokeServer(["Small Tree"] --[[Nil Parent]], game:GetService("Players").LocalPlayer.Inventory["Old Axe"], "20_8401342884", CFrame.new(-67.859580993652, 5.2410740852356, 38.316520690918, 0.82950901985168, -3.803712189665e-08, 0.55849331617355, -7.0088610470975e-09, 1, 7.851667049863e-08, -0.55849331617355, -6.9044688189024e-08, 0.82950901985168))
game:GetService("ReplicatedStorage").RemoteEvents.ToolDamageObject:InvokeServer(["Small Tree"] --[[Nil Parent]], game:GetService("Players").LocalPlayer.Inventory["Old Axe"], "21_8401342884", CFrame.new(-67.859580993652, 5.2410740852356, 38.316520690918, 0.82950901985168, 4.4665917187103e-08, 0.55849331617355, 8.2306081949923e-09, 1, -9.2200352241889e-08, -0.55849331617355, 8.1077764946258e-08, 0.82950901985168))
game:GetService("ReplicatedStorage").RemoteEvents.ToolDamageObject:InvokeServer(["Small Tree"] --[[Nil Parent]], game:GetService("Players").LocalPlayer.Inventory["Old Axe"], "22_8401342884", CFrame.new(-67.859580993652, 5.2410740852356, 38.316520690918, 0.82950901985168, -8.4641502695604e-09, 0.55849331617355, -1.5598131675176e-09, 1, 1.747206113123e-08, -0.55849331617355, -1.5364378214144e-08, 0.82950901985168))
game:GetService("ReplicatedStorage").RemoteEvents.ToolDamageObject:InvokeServer(["Small Tree"] --[[Nil Parent]], game:GetService("Players").LocalPlayer.Inventory["Old Axe"], "23_8401342884", CFrame.new(-67.859580993652, 5.2410740852356, 38.316520690918, 0.82950901985168, -3.3633785534448e-08, 0.55849331617355, -6.1981593191263e-09, 1, 6.9428253368642e-08, -0.55849331617355, -6.1052993771682e-08, 0.82950901985168))
game:GetService("ReplicatedStorage").RemoteEvents.ToolDamageObject:InvokeServer(["Small Tree"] --[[Nil Parent]], game:GetService("Players").LocalPlayer.Inventory["Old Axe"], "24_8401342884", CFrame.new(-67.859580993652, 5.2410740852356, 38.316520690918, 0.82950901985168, 4.175659640282e-08, 0.55849331617355, 7.6953128314017e-09, 1, -8.619606717275e-08, -0.55849331617355, 7.5798197940458e-08, 0.82950901985168))
game:GetService("ReplicatedStorage").RemoteEvents.ToolDamageObject:InvokeServer(["Small Tree"] --[[Nil Parent]], game:GetService("Players").LocalPlayer.Inventory["Old Axe"], "25_8401342884", CFrame.new(-67.859580993652, 5.2410740852356, 38.316520690918, 0.82950901985168, 4.9393005241427e-08, 0.55849331617355, 9.1033154347997e-09, 1, -1.019605520014e-07, -0.55849331617355, 8.9661341462488e-08, 0.82950901985168))
game:GetService("ReplicatedStorage").RemoteEvents.ToolDamageObject:InvokeServer(["Small Tree"] --[[Nil Parent]], game:GetService("Players").LocalPlayer.Inventory["Old Axe"], "26_8401342884", CFrame.new(-67.859580993652, 5.2410740852356, 38.316520690918, 0.82950901985168, -3.9781575367215e-08, 0.55849331617355, -7.3322055094138e-09, 1, 8.212042246214e-08, -0.55849331617355, -7.2214618285216e-08, 0.82950901985168))
firesignal(game:GetService("ReplicatedStorage").RemoteEvents.DestroyObject.OnClientEvent, ["Small Tree"] --[[Nil Parent]], CFrame.new(-67.859580993652, 5.2410740852356, 38.316520690918, 0.82949042320251, 0, 0.55852097272873, 0, 1, 0, -0.55852097272873, 0, 0.82949042320251))
game:GetService("ReplicatedStorage").RemoteEvents.RequestStartDraggingItem:FireServer(workspace.Items:GetChildren()[215])
game:GetService("ReplicatedStorage").RemoteEvents.RequestBagStoreItem:InvokeServer(game:GetService("Players").LocalPlayer.Inventory["Old Sack"], workspace.Items:GetChildren()[215])
game:GetService("ReplicatedStorage").RemoteEvents.StopDraggingItem:FireServer(workspace.Items:GetChildren()[215])
firesignal(game:GetService("ReplicatedStorage").RemoteEvents.RequestBagStoreItem.OnClientEvent, { Success = true, Cooked = false })
game:GetService("ReplicatedStorage").RemoteEvents.RequestReplicateSound:FireServer("FireAllClients", "BagGet", { Instance = game:GetService("Players").LocalPlayer.Character.Head, Volume = 0.25 })
game:GetService("ReplicatedStorage").RemoteEvents.RequestStartDraggingItem:FireServer(workspace.Items:GetChildren()[210])
game:GetService("ReplicatedStorage").RemoteEvents.RequestBagStoreItem:InvokeServer(game:GetService("Players").LocalPlayer.Inventory["Old Sack"], workspace.Items:GetChildren()[210])
game:GetService("ReplicatedStorage").RemoteEvents.StopDraggingItem:FireServer(workspace.Items:GetChildren()[210])
game:GetService("ReplicatedStorage").RemoteEvents.RequestStartDraggingItem:FireServer(workspace.Items:GetChildren()[209])
game:GetService("ReplicatedStorage").RemoteEvents.RequestBagStoreItem:InvokeServer(game:GetService("Players").LocalPlayer.Inventory["Old Sack"], workspace.Items:GetChildren()[209])
game:GetService("ReplicatedStorage").RemoteEvents.StopDraggingItem:FireServer(workspace.Items:GetChildren()[209])
game:GetService("ReplicatedStorage").RemoteEvents.RequestStartDraggingItem:FireServer(.Sapling --[[Nil Parent]])
game:GetService("ReplicatedStorage").RemoteEvents.RequestBagStoreItem:InvokeServer(game:GetService("Players").LocalPlayer.Inventory["Old Sack"], .Sapling --[[Nil Parent]])
game:GetService("ReplicatedStorage").RemoteEvents.StopDraggingItem:FireServer(.Sapling --[[Nil Parent]])
game:GetService("ReplicatedStorage").RemoteEvents.RequestBagDropItem:FireServer(game:GetService("Players").LocalPlayer.Inventory["Old Sack"], .Sapling --[[Nil Parent]], false)
game:GetService("ReplicatedStorage").RemoteEvents.RequestReplicateSound:FireServer("FireAllClients", "BagDrop", { Instance = game:GetService("Players").LocalPlayer.Character.Head, Volume = 0.25 })
game:GetService("ReplicatedStorage").RemoteEvents.AnalyticsTimeFirstPerson:FireServer(0, 60)
game:GetService("ReplicatedStorage").RemoteEvents.RequestBagDropItem:FireServer(game:GetService("Players").LocalPlayer.Inventory["Old Sack"], workspace.Items:GetChildren()[209], false)
game:GetService("ReplicatedStorage").RemoteEvents.RequestBagDropItem:FireServer(game:GetService("Players").LocalPlayer.Inventory["Old Sack"], workspace.Items:GetChildren()[210], false)
game:GetService("ReplicatedStorage").RemoteEvents.RequestBagDropItem:FireServer(game:GetService("Players").LocalPlayer.Inventory["Old Sack"], workspace.Items:GetChildren()[215], true)
game:GetService("ReplicatedStorage").RemoteEvents.RequestPlantItem:InvokeServer(.Sapling --[[Nil Parent]], Vector3.new(-55.398147583008, 0.98720836639404, 52.199851989746))
firesignal(game:GetService("ReplicatedStorage").RemoteEvents.RequestPlantItem.OnClientEvent, { Success = true })
game:GetService("ReplicatedStorage").RemoteEvents.ToolDamageObject:InvokeServer(["Small Tree"] --[[Nil Parent]], game:GetService("Players").LocalPlayer.Inventory["Old Axe"], "27_8401342884", CFrame.new(-1.8957080841064, 4.8685064315796, 105.64886474609, -0.83464342355728, 3.4783588489518e-05, -0.55079066753387, -1.7535332517582e-05, 1, 8.9724351710174e-05, 0.55079066753387, 8.4546139987651e-05, -0.83464342355728))
game:GetService("ReplicatedStorage").RemoteEvents.ToolDamageObject:InvokeServer(["Small Tree"] --[[Nil Parent]], game:GetService("Players").LocalPlayer.Inventory["Old Axe"], "28_8401342884", CFrame.new(-1.8957077264786, 4.868941783905, 105.64886474609, -0.83464372158051, 5.778651779309e-09, -0.55079025030136, -8.8523871566437e-10, 1, 1.1833017232732e-08, 0.55079025030136, 1.0363934599411e-08, -0.83464372158051))
game:GetService("ReplicatedStorage").RemoteEvents.ToolDamageObject:InvokeServer(["Small Tree"] --[[Nil Parent]], game:GetService("Players").LocalPlayer.Inventory["Old Axe"], "29_8401342884", CFrame.new(-1.8957077264786, 4.868941783905, 105.64886474609, -0.83464372158051, -4.8744286829105e-08, -0.55079025030136, 4.9392040457619e-10, 1, -8.9247286894079e-08, 0.55079025030136, -7.4761736357232e-08, -0.83464372158051))
game:GetService("ReplicatedStorage").RemoteEvents.ToolDamageObject:InvokeServer(["Small Tree"] --[[Nil Parent]], game:GetService("Players").LocalPlayer.Inventory["Old Axe"], "30_8401342884", CFrame.new(-1.8957077264786, 4.868941783905, 105.64886474609, -0.83464372158051, -2.4910548290791e-08, -0.55079025030136, 1.6624085441563e-10, 1, -4.5478838472945e-08, 0.55079025030136, -3.8050188777561e-08, -0.83464372158051))
game:GetService("ReplicatedStorage").RemoteEvents.ToolDamageObject:InvokeServer(["Small Tree"] --[[Nil Parent]], game:GetService("Players").LocalPlayer.Inventory["Old Axe"], "31_8401342884", CFrame.new(-1.8957077264786, 4.868941783905, 105.64886474609, -0.83464372158051, -5.0365645876127e-08, -0.55079025030136, 3.3383087960637e-10, 1, -9.1948386682361e-08, 0.55079025030136, -7.6928017733735e-08, -0.83464372158051))
game:GetService("ReplicatedStorage").RemoteEvents.ToolDamageObject:InvokeServer(["Small Tree"] --[[Nil Parent]], game:GetService("Players").LocalPlayer.Inventory["Old Axe"], "32_8401342884", CFrame.new(-1.8957077264786, 4.868941783905, 105.64886474609, -0.83464372158051, -5.0620108105193e-09, -0.55079025030136, 3.3546474625945e-11, 1, -9.2412859586943e-09, 0.55079025030136, -7.7316579805142e-09, -0.83464372158051))
game:GetService("ReplicatedStorage").RemoteEvents.ToolDamageObject:InvokeServer(["Small Tree"] --[[Nil Parent]], game:GetService("Players").LocalPlayer.Inventory["Old Axe"], "33_8401342884", CFrame.new(-1.8957077264786, 4.868941783905, 105.64886474609, -0.83464372158051, 4.6992209234986e-08, -0.55079025030136, -3.1181227044819e-10, 1, 8.5790304638067e-08, 0.55079025030136, 7.1776078414132e-08, -0.83464372158051))
game:GetService("ReplicatedStorage").RemoteEvents.ToolDamageObject:InvokeServer(["Small Tree"] --[[Nil Parent]], game:GetService("Players").LocalPlayer.Inventory["Old Axe"], "34_8401342884", CFrame.new(-1.8957077264786, 4.868941783905, 105.64886474609, -0.83464372158051, -3.3813410738048e-08, -0.55079025030136, 2.2457709303314e-10, 1, -6.1731036282708e-08, 0.55079025030136, -5.1647116805498e-08, -0.83464372158051))
game:GetService("ReplicatedStorage").RemoteEvents.ToolDamageObject:InvokeServer(["Small Tree"] --[[Nil Parent]], game:GetService("Players").LocalPlayer.Inventory["Old Axe"], "35_8401342884", CFrame.new(-1.8957077264786, 4.868941783905, 105.64886474609, -0.83464372158051, 2.1458115284645e-08, -0.55079025030136, -1.4264477099513e-10, 1, 3.9174935295705e-08, 0.55079025030136, 3.2775680836039e-08, -0.83464372158051))
game:GetService("ReplicatedStorage").RemoteEvents.ToolDamageObject:InvokeServer(["Small Tree"] --[[Nil Parent]], game:GetService("Players").LocalPlayer.Inventory["Old Axe"], "36_8401342884", CFrame.new(-1.8957077264786, 4.868941783905, 105.64886474609, -0.83464372158051, -1.7483404946006e-08, -0.55079025030136, 1.1632762808578e-10, 1, -3.191867747887e-08, 0.55079025030136, -2.6704796596277e-08, -0.83464372158051))
game:GetService("ReplicatedStorage").RemoteEvents.ToolDamageObject:InvokeServer(["Small Tree"] --[[Nil Parent]], game:GetService("Players").LocalPlayer.Inventory["Old Axe"], "37_8401342884", CFrame.new(-1.8957077264786, 4.868941783905, 105.64886474609, -0.83464372158051, -4.2749100259698e-08, -0.55079025030136, 2.845027269327e-10, 1, -7.8045239604307e-08, 0.55079025030136, -6.5296667628445e-08, -0.83464372158051))
game:GetService("ReplicatedStorage").RemoteEvents.ToolDamageObject:InvokeServer(["Small Tree"] --[[Nil Parent]], game:GetService("Players").LocalPlayer.Inventory["Old Axe"], "38_8401342884", CFrame.new(-1.8957077264786, 4.868941783905, 105.64886474609, -0.83464372158051, 4.7279318238225e-08, -0.55079025030136, -3.1488803231561e-10, 1, 8.6316227054795e-08, 0.55079025030136, 7.2216735702568e-08, -0.83464372158051))
game:GetService("ReplicatedStorage").RemoteEvents.ToolDamageObject:InvokeServer(["Small Tree"] --[[Nil Parent]], game:GetService("Players").LocalPlayer.Inventory["Old Axe"], "39_8401342884", CFrame.new(-1.8957077264786, 4.868941783905, 105.64886474609, -0.83464372158051, -3.7712137412882e-08, -0.55079025030136, 2.5134733183663e-10, 1, -6.8850027901135e-08, 0.55079025030136, -5.7603681824503e-08, -0.83464372158051))
firesignal(game:GetService("ReplicatedStorage").RemoteEvents.DestroyObject.OnClientEvent, ["Small Tree"] --[[Nil Parent]], CFrame.new(-1.8957077264786, 4.868941783905, 105.64886474609, -0.83464348316193, 0, -0.55079132318497, 0, 1, 0, 0.55079132318497, 0, -0.83464348316193))
game:GetService("ReplicatedStorage").RemoteEvents.RequestPlantItem:InvokeServer(.Sapling --[[Nil Parent]], Vector3.new(-13.880523681641, 1.8689422607422, 110.42868041992))
