--[[
    CONTEXT: ROBLOX AUTOMATION / LOG ANALYSIS
    SOURCE: Extracted from Cobalt Executor Logs (.log format)
    
    SUMMARY:
    This script represents a CLEANED REPLAY of gameplay actions.
    Compacted to single-line format for AI readability.
]]

-- Total Unique Events: 13

game:GetService("ReplicatedStorage").RemoteEvents.ToolDamageObject:InvokeServer(workspace.Map.Foliage["Small Tree"], game:GetService("Players").LocalPlayer.Inventory["Old Axe"], "1_8401342884", CFrame.new(-45.880420684814, 3.9341990947723, -40.615863800049, 0.79535007476807, -7.481269648224e-08, 0.60615038871765, 1.2971506180293e-07, 1, -4.6780769480392e-08, -0.60615038871765, 1.158339202334e-07, 0.79535007476807))
game:GetService("ReplicatedStorage").RemoteEvents.ToolDamageObject:InvokeServer(workspace.Map.Foliage["Small Tree"], game:GetService("Players").LocalPlayer.Inventory["Old Axe"], "2_8401342884", CFrame.new(-46.173053741455, 3.9341990947723, -41.302543640137, 0.86017417907715, -4.0140008650269e-08, 0.51000034809113, 6.5905922497222e-08, 1, -3.2452060594323e-08, -0.51000034809113, 6.1526471029083e-08, 0.86017417907715))
game:GetService("ReplicatedStorage").RemoteEvents.ToolDamageObject:InvokeServer(workspace.Map.Foliage["Small Tree"], game:GetService("Players").LocalPlayer.Inventory["Old Axe"], "3_8401342884", CFrame.new(-46.173053741455, 3.9341990947723, -41.302543640137, 0.86017417907715, 2.6320655877043e-08, 0.51000034809113, -4.3324966725322e-08, 1, 2.1463442578806e-08, -0.51000034809113, -4.0558049363426e-08, 0.86017417907715))
game:GetService("ReplicatedStorage").RemoteEvents.ToolDamageObject:InvokeServer(workspace.Map.Foliage["Small Tree"], game:GetService("Players").LocalPlayer.Inventory["Old Axe"], "4_8401342884", CFrame.new(-46.173053741455, 3.9341990947723, -41.302543640137, 0.86017417907715, -5.5062745474288e-08, 0.51000034809113, 9.0695557730669e-08, 1, -4.5002391146909e-08, -0.51000034809113, 8.4964661084541e-08, 0.86017417907715))
game:GetService("ReplicatedStorage").RemoteEvents.ToolDamageObject:InvokeServer(workspace.Map.Foliage["Small Tree"], game:GetService("Players").LocalPlayer.Inventory["Old Axe"], "5_8401342884", CFrame.new(-46.173053741455, 3.9341990947723, -41.302543640137, 0.86017417907715, 3.0514396343051e-08, 0.51000034809113, -5.0262006112689e-08, 1, 2.4940543852381e-08, -0.51000034809113, -4.7086853527389e-08, 0.86017417907715))
game:GetService("ReplicatedStorage").RemoteEvents.ToolDamageObject:InvokeServer(workspace.Map.Foliage["Small Tree"], game:GetService("Players").LocalPlayer.Inventory["Old Axe"], "6_8401342884", CFrame.new(-46.173053741455, 3.9341990947723, -41.302543640137, 0.86017417907715, -3.3897538997962e-08, 0.51000034809113, 5.5834380674469e-08, 1, -2.7705379324061e-08, -0.51000034809113, 5.2307004949625e-08, 0.86017417907715))
game:GetService("ReplicatedStorage").RemoteEvents.ToolDamageObject:InvokeServer(workspace.Map.Foliage["Small Tree"], game:GetService("Players").LocalPlayer.Inventory["Old Axe"], "7_8401342884", CFrame.new(-46.173053741455, 3.9341990947723, -41.302543640137, 0.86017417907715, 5.9185616407831e-08, 0.51000034809113, -9.7487337313851e-08, 1, 4.8373454575312e-08, -0.51000034809113, -9.1328175244598e-08, 0.86017417907715))
game:GetService("ReplicatedStorage").RemoteEvents.ToolDamageObject:InvokeServer(workspace.Map.Foliage["Small Tree"], game:GetService("Players").LocalPlayer.Inventory["Old Axe"], "8_8401342884", CFrame.new(-46.173053741455, 3.9341990947723, -41.302543640137, 0.86017417907715, -4.6318334057105e-08, 0.51000034809113, 7.6292707262837e-08, 1, -3.7856217716126e-08, -0.51000034809113, 7.1472250340321e-08, 0.86017417907715))
game:GetService("ReplicatedStorage").RemoteEvents.ToolDamageObject:InvokeServer(workspace.Map.Foliage["Small Tree"], game:GetService("Players").LocalPlayer.Inventory["Old Axe"], "9_8401342884", CFrame.new(-46.173053741455, 3.9341990947723, -41.302543640137, 0.86017417907715, 5.21842267176e-08, 0.51000034809113, -8.5953921313831e-08, 1, 4.2649219267332e-08, -0.51000034809113, -8.052229105715e-08, 0.86017417907715))
game:GetService("ReplicatedStorage").RemoteEvents.ToolDamageObject:InvokeServer(workspace.Map.Foliage["Small Tree"], game:GetService("Players").LocalPlayer.Inventory["Old Axe"], "10_8401342884", CFrame.new(-46.173053741455, 3.9341990947723, -41.302543640137, 0.86017417907715, -3.2709603914327e-09, 0.51000034809113, 5.387639667731e-09, 1, -2.6732296376508e-09, -0.51000034809113, 5.0471413715059e-09, 0.86017417907715))
game:GetService("ReplicatedStorage").RemoteEvents.ToolDamageObject:InvokeServer(workspace.Map.Foliage["Small Tree"], game:GetService("Players").LocalPlayer.Inventory["Old Axe"], "11_8401342884", CFrame.new(-46.173053741455, 3.9341990947723, -41.302543640137, 0.86017417907715, 1.7515647598998e-08, 0.51000034809113, -2.8850200450847e-08, 1, 1.4314794682946e-08, -0.51000034809113, -2.7026830551335e-08, 0.86017417907715))
game:GetService("ReplicatedStorage").RemoteEvents.ToolDamageObject:InvokeServer(workspace.Map.Foliage["Small Tree"], game:GetService("Players").LocalPlayer.Inventory["Old Axe"], "12_8401342884", CFrame.new(-46.173053741455, 3.9341990947723, -41.302543640137, 0.86017417907715, -1.8976139770643e-08, 0.51000034809113, 3.1255655841278e-08, 1, -1.5508158313082e-08, -0.51000034809113, 2.9280112556762e-08, 0.86017417907715))
game:GetService("ReplicatedStorage").RemoteEvents.ToolDamageObject:InvokeServer(workspace.Map.Foliage["Small Tree"], game:GetService("Players").LocalPlayer.Inventory["Old Axe"], "13_8401342884", CFrame.new(-46.173053741455, 3.9341990947723, -41.302543640137, 0.86017417907715, 5.4461808396411e-09, 0.51000034809113, -8.9703853234369e-09, 1, 4.4508063901105e-09, -0.51000034809113, -8.4033686675866e-09, 0.86017417907715))
