--[[
    CONTEXT: ROBLOX AUTOMATION / LOG ANALYSIS
    SOURCE: Extracted from Cobalt Executor Logs (.log format)
    
    SUMMARY:
    This script represents a CLEANED REPLAY of gameplay actions.
    Compacted to single-line format for AI readability.
]]

-- Total Unique Events: 23

game:GetService("ReplicatedStorage").RemoteEvents.PlayerCastRod:FireServer("FireAllClients", { CFrame.new(0, 0, 0, 0.85237073898315, 0.45477449893951, -0.25815549492836, 5.7831441857559e-09, 0.49366366863251, 0.86965292692184, 0.52293795347214, -0.74126672744751, 0.42078447341919), Vector3.new(8.8239555358887, 6.2361164093018, -343.97338867188), Vector3.new(-15.056279182434, -15.511589050293, 40.279861450195), Vector3.new(0, -60, 0) })
game:GetService("ReplicatedStorage").RemoteEvents.PlayerRodBobbleInWater:FireServer("FireAllClients", CFrame.new(3.9984741210938, -3.0619859695435, -331.06387329102, 1, 0, 0, 0, 1, 0, 0, 0, 1))
game:GetService("ReplicatedStorage").RemoteEvents.StartCatchTimer:InvokeServer(game:GetService("Players").LocalPlayer.Inventory["Strong Rod"], workspace.Map.Water:GetChildren()[8], Vector3.new(3.9984741210938, -3.0619859695435, -331.06387329102))
game:GetService("ReplicatedStorage").RemoteEvents.ConfirmCatchItem:FireServer()
game:GetService("ReplicatedStorage").RemoteEvents.PlayerRodReset:FireServer("FireAllClients", true)
game:GetService("ReplicatedStorage").RemoteEvents.PlayerRodReset:FireServer("FireAllClients")
game:GetService("ReplicatedStorage").RemoteEvents.AnalyticsTimeFirstPerson:FireServer(0, 60)
game:GetService("ReplicatedStorage").RemoteEvents.PlayerCastRod:FireServer("FireAllClients", { CFrame.new(0, 0, 0, 0.85237073898315, 0.48876675963402, -0.18593320250511, 7.475259877765e-08, 0.35555490851402, 0.93465542793274, 0.52293795347214, -0.79667294025421, 0.30306458473206), Vector3.new(9.1760501861572, 5.4079604148865, -344.54730224609), Vector3.new(-14.519196510315, -12.672681808472, 42.132438659668), Vector3.new(0, -60, 0) })
game:GetService("ReplicatedStorage").RemoteEvents.PlayerRodBobbleInWater:FireServer("FireAllClients", CFrame.new(4.5693068504333, -3.0619859695435, -331.17922973633, 1, 0, 0, 0, 1, 0, 0, 0, 1))
game:GetService("ReplicatedStorage").RemoteEvents.StartCatchTimer:InvokeServer(game:GetService("Players").LocalPlayer.Inventory["Strong Rod"], workspace.Map.Water:GetChildren()[8], Vector3.new(4.5693068504333, -3.0619859695435, -331.17922973633))
game:GetService("ReplicatedStorage").RemoteEvents.PlayerCastRod:FireServer("FireAllClients", { CFrame.new(0, 0, 0, 0.85237073898315, 0.33609992265701, -0.40062561631203, 7.7945905729848e-08, 0.76610541343689, 0.64271485805511, 0.52293795347214, -0.54783141613007, 0.65300577878952), Vector3.new(7.7866401672363, 7.6490345001221, -342.28259277344), Vector3.new(-13.156691551208, -18.505819320679, 38.914264678955), Vector3.new(0, -60, 0) })
game:GetService("ReplicatedStorage").RemoteEvents.PlayerRodBobbleInWater:FireServer("FireAllClients", CFrame.new(3.2943465709686, -3.0619859695435, -328.99548339844, 1, 0, 0, 0, 1, 0, 0, 0, 1))
game:GetService("ReplicatedStorage").RemoteEvents.StartCatchTimer:InvokeServer(game:GetService("Players").LocalPlayer.Inventory["Strong Rod"], workspace.Map.Water:GetChildren()[8], Vector3.new(3.2943465709686, -3.0619859695435, -328.99548339844))
game:GetService("ReplicatedStorage").RemoteEvents.PlayerCastRod:FireServer("FireAllClients", { CFrame.new(0, 0, 0, 0.85237050056458, 0.45477455854416, -0.25815537571907, 4.2222307428119e-08, 0.49366343021393, 0.86965304613113, 0.5229377746582, -0.7412668466568, 0.42078426480293), Vector3.new(8.8239555358887, 6.2372064590454, -343.97338867188), Vector3.new(-16.094079971313, -12.967628479004, 41.394062042236), Vector3.new(0, -60, 0) })
game:GetService("ReplicatedStorage").RemoteEvents.PlayerRodBobbleInWater:FireServer("FireAllClients", CFrame.new(3.2377028465271, -3.0619859695435, -329.60552978516, 1, 0, 0, 0, 1, 0, 0, 0, 1))
game:GetService("ReplicatedStorage").RemoteEvents.StartCatchTimer:InvokeServer(game:GetService("Players").LocalPlayer.Inventory["Strong Rod"], workspace.Map.Water:GetChildren()[8], Vector3.new(3.2377028465271, -3.0619859695435, -329.60552978516))
game:GetService("ReplicatedStorage").RemoteEvents.PlayerCastRod:FireServer("FireAllClients", { CFrame.new(0, 0, 0, 0.85237073898315, 0.4786681830883, -0.21057263016701, -8.8674475762218e-08, 0.40267246961594, 0.91534411907196, 0.52293795347214, -0.78021252155304, 0.34322628378868), Vector3.new(9.0658779144287, 5.7135787010193, -344.36770629883), Vector3.new(-15.996615409851, -12.010194778442, 41.948299407959), Vector3.new(0, -60, 0) })
game:GetService("ReplicatedStorage").RemoteEvents.PlayerRodBobbleInWater:FireServer("FireAllClients", CFrame.new(3.5214924812317, -3.0619859695435, -329.82855224609, 1, 0, 0, 0, 1, 0, 0, 0, 1))
game:GetService("ReplicatedStorage").RemoteEvents.StartCatchTimer:InvokeServer(game:GetService("Players").LocalPlayer.Inventory["Strong Rod"], workspace.Map.Water:GetChildren()[8], Vector3.new(3.5214924812317, -3.0619859695435, -329.82855224609))
game:GetService("ReplicatedStorage").RemoteEvents.PlayerCastRod:FireServer("FireAllClients", { CFrame.new(0, 0, 0, 0.85237073898315, 0.48876681923866, -0.1859330534935, -1.0805408123815e-07, 0.35555490851402, 0.93465542793274, 0.52293795347214, -0.79667294025421, 0.30306467413902), Vector3.new(9.1760511398315, 5.4070744514465, -344.54730224609), Vector3.new(-18.103881835938, -11.786167144775, 41.202087402344), Vector3.new(0, -60, 0) })
game:GetService("ReplicatedStorage").RemoteEvents.PlayerRodBobbleInWater:FireServer("FireAllClients", CFrame.new(3.1468915939331, -3.0619859695435, -330.82568359375, 1, 0, 0, 0, 1, 0, 0, 0, 1))
game:GetService("ReplicatedStorage").RemoteEvents.StartCatchTimer:InvokeServer(game:GetService("Players").LocalPlayer.Inventory["Strong Rod"], workspace.Map.Water:GetChildren()[8], Vector3.new(3.1468915939331, -3.0619859695435, -330.82568359375))
game:GetService("ReplicatedStorage").RemoteEvents.EndCatching:FireServer()
