--[[
    CONTEXT: ROBLOX AUTOMATION / LOG ANALYSIS
    SOURCE: Extracted from Cobalt Executor Logs (.log format)
    
    SUMMARY:
    This script represents a CLEANED REPLAY of gameplay actions.
    Compacted to single-line format for AI readability.
]]

-- Total Unique Events: 9

game:GetService("ReplicatedStorage").RemoteEvents.ToolDamageObject:InvokeServer(workspace.Items["Snow Chest1"].IceBlock, game:GetService("Players").LocalPlayer.Inventory["Strong Axe"], "1_10230880383", CFrame.new(-681.93365478516, 2.3168423175812, -33.340572357178, -0.48413947224617, 7.2980320453553e-08, 0.8749908208847, 4.7985853512955e-08, 1, -5.6855995467231e-08, -0.8749908208847, 1.4460950659156e-08, -0.48413947224617))
game:GetService("ReplicatedStorage").RemoteEvents.ReplicateFrozenParticles:FireServer(false)
game:GetService("ReplicatedStorage").RemoteEvents.ToolDamageObject:InvokeServer(workspace.Items["Snow Chest1"].IceBlock, game:GetService("Players").LocalPlayer.Inventory["Strong Axe"], "2_10230880383", CFrame.new(-681.93365478516, 2.3168423175812, -33.340572357178, -0.48413947224617, -2.4428977951629e-08, 0.8749908208847, -1.6062386976046e-08, 1, 1.903167579087e-08, -0.8749908208847, -4.8404560359927e-09, -0.48413947224617))
game:GetService("ReplicatedStorage").RemoteEvents.AnalyticsTimeFirstPerson:FireServer(0, 60)
game:GetService("ReplicatedStorage").RemoteEvents.ToolDamageObject:InvokeServer(workspace.Items["Snow Chest1"].IceBlock, game:GetService("Players").LocalPlayer.Inventory["Strong Axe"], "3_10230880383", CFrame.new(-681.93365478516, 2.3168423175812, -33.340572357178, -0.48413947224617, -7.9561431221009e-08, 0.8749908208847, -5.2312277176725e-08, 1, 6.1983499222151e-08, -0.8749908208847, -1.5764104688287e-08, -0.48413947224617))
game:GetService("ReplicatedStorage").RemoteEvents.RequestOpenItemChest:FireServer(workspace.Items["Snow Chest1"])
game:GetService("ReplicatedStorage").RemoteEvents.PlayerSprinting:FireServer(true)
game:GetService("ReplicatedStorage").RemoteEvents.PlayerSprinting:FireServer(false)
game:GetService("ReplicatedStorage").RemoteEvents.ToggleDoor:FireServer("FireAllClients", workspace.Map.Landmarks["Small Cabin1"].Building.Closet.ClosetDoors, true)
