--[[
    CONTEXT: ROBLOX AUTOMATION / LOG ANALYSIS
    SOURCE: Extracted from Cobalt Executor Logs (.log format)
    
    SUMMARY:
    This script represents a CLEANED REPLAY of gameplay actions.
    Compacted to single-line format for AI readability.
]]

-- Total Unique Events: 41

game:GetService("ReplicatedStorage").RemoteEvents.DamagePlayer:FireServer(-math.huge)
game:GetService("ReplicatedStorage").RemoteEvents.EndCatching:FireServer()
game:GetService("ReplicatedStorage").RemoteEvents.PlayerRodReset:FireServer("FireAllClients")
game:GetService("ReplicatedStorage").RemoteEvents.PlayerSprinting:FireServer(true)
game:GetService("ReplicatedStorage").RemoteEvents.PlayerSprinting:FireServer(false)
game:GetService("ReplicatedStorage").RemoteEvents.AnalyticsTimeFirstPerson:FireServer(0, 60)
game:GetService("ReplicatedStorage").RemoteEvents.PlayerCastRod:FireServer("FireAllClients", { CFrame.new(0, 0, 0, 0.9999532699585, 0.0047142328694463, 0.0084391878917813, -0.0096659231930971, 0.4982382953167, 0.86698627471924, -0.00011755160085158, -0.86702734231949, 0.49826058745384), Vector3.new(481.58755493164, 3.7585623264313, -476.52581787109), Vector3.new(-8.5543270111084, -39.261974334717, 0.28473377227783), Vector3.new(0, -60, 0) })
game:GetService("ReplicatedStorage").RemoteEvents.PlayerRodReset:FireServer("FireAllClients", true)
game:GetService("ReplicatedStorage").RemoteEvents.PlayerCastRod:FireServer("FireAllClients", { CFrame.new(0, 0, 0, -0.13721705973148, 0.95682144165039, -0.25625011324883, -1.100059989767e-07, 0.25869712233543, 0.96595847606659, 0.99054098129272, 0.13254600763321, -0.035497557371855), Vector3.new(482.78845214844, 2.9813923835754, -471.0341796875), Vector3.new(-43.293251037598, -10.501619338989, 14.331008911133), Vector3.new(0, -60, 0) })
game:GetService("ReplicatedStorage").RemoteEvents.PlayerRodBobbleInWater:FireServer("FireAllClients", CFrame.new(473.20178222656, -1.4116263389587, -467.86077880859, 1, 0, 0, 0, 1, 0, 0, 0, 1))
game:GetService("ReplicatedStorage").RemoteEvents.StartCatchTimer:InvokeServer(game:GetService("Players").LocalPlayer.Inventory["Good Rod"], workspace.Map.Water:GetChildren()[21], Vector3.new(473.20178222656, -1.4116263389587, -467.86077880859))
game:GetService("ReplicatedStorage").RemoteEvents.ConfirmCatchItem:FireServer()
game:GetService("ReplicatedStorage").RemoteEvents.PlayerCastRod:FireServer("FireAllClients", { CFrame.new(0, 0, 0, -0.14891311526299, 0.88369369506836, -0.44374588131905, 8.7109555124698e-09, 0.44874930381775, 0.89365768432617, 0.98885029554367, 0.1330773383379, -0.066824667155743), Vector3.new(482.02633666992, 3.5890908241272, -471.17810058594), Vector3.new(-22.181671142578, 9.4850587844849, -44.807456970215), Vector3.new(0, -60, 0) })
game:GetService("ReplicatedStorage").RemoteEvents.PlayerCastRod:FireServer("FireAllClients", { CFrame.new(0, 0, 0, -0.20509004592896, 0.91928720474243, -0.33593019843102, 0.001016462687403, 0.343425989151, 0.93917918205261, 0.9787425994873, 0.19227483868599, -0.071367673575878), Vector3.new(482.66342163086, 3.2642555236816, -471.79193115234), Vector3.new(-4.3547859191895, 3.7771282196045, -49.419750213623), Vector3.new(0, -60, 0) })
game:GetService("ReplicatedStorage").RemoteEvents.PlayerCastRod:FireServer("FireAllClients", { CFrame.new(0, 0, 0, -0.39558792114258, 0.78156965970993, -0.48234757781029, -0.0064006871543825, 0.52282929420471, 0.85241341590881, 0.91840577125549, 0.34029179811478, -0.20182237029076), Vector3.new(482.79440307617, 3.8292181491852, -470.56155395508), Vector3.new(-38.98095703125, -16.431596755981, 16.788555145264), Vector3.new(0, -60, 0) })
game:GetService("ReplicatedStorage").RemoteEvents.ToolDamageObject:InvokeServer(workspace.Characters:GetChildren()[303], game:GetService("Players").LocalPlayer.Inventory.Morningstar, "4964_8401342884", CFrame.new(480.46197509766, -0.91351121664047, -472.14736938477, 0.042980767786503, -6.4758249209262e-05, 0.9990758895874, 0.00013951314031146, 1, 5.8816218370339e-05, -0.9990758895874, 0.00013685625162907, 0.042980775237083))
game:GetService("ReplicatedStorage").RemoteEvents.ToolDamageObject:InvokeServer(workspace.Characters:GetChildren()[291], game:GetService("Players").LocalPlayer.Inventory.Morningstar, "4965_8401342884", CFrame.new(480.46197509766, -0.91351121664047, -472.14736938477, 0.042980767786503, -6.4758249209262e-05, 0.9990758895874, 0.00013951314031146, 1, 5.8816218370339e-05, -0.9990758895874, 0.00013685625162907, 0.042980775237083))
game:GetService("ReplicatedStorage").RemoteEvents.ToolDamageObject:InvokeServer(workspace.Characters:GetChildren()[303], game:GetService("Players").LocalPlayer.Inventory.Morningstar, "4966_8401342884", CFrame.new(480.47296142578, -0.92469733953476, -472.34353637695, 0.037744119763374, 0.010156097821891, 0.99923580884933, -0.036004353314638, 0.99931293725967, -0.0087968893349171, -0.99863862991333, -0.035644806921482, 0.038083851337433))
game:GetService("ReplicatedStorage").RemoteEvents.ToolDamageObject:InvokeServer(workspace.Characters:GetChildren()[291], game:GetService("Players").LocalPlayer.Inventory.Morningstar, "4967_8401342884", CFrame.new(480.47296142578, -0.92469733953476, -472.34353637695, 0.037744119763374, 0.010156097821891, 0.99923580884933, -0.036004353314638, 0.99931293725967, -0.0087968893349171, -0.99863862991333, -0.035644806921482, 0.038083851337433))
game:GetService("ReplicatedStorage").RemoteEvents.ToolDamageObject:InvokeServer(workspace.Characters:GetChildren()[303], game:GetService("Players").LocalPlayer.Inventory.Morningstar, "4968_8401342884", CFrame.new(480.51791381836, -0.91941028833389, -472.49298095703, 0.0030710690189153, 0.058382887393236, 0.99828952550888, -0.045178379863501, 0.9972830414772, -0.058185040950775, -0.99897420406342, -0.044922411441803, 0.0057003693655133))
game:GetService("ReplicatedStorage").RemoteEvents.ToolDamageObject:InvokeServer(workspace.Characters:GetChildren()[291], game:GetService("Players").LocalPlayer.Inventory.Morningstar, "4969_8401342884", CFrame.new(480.51791381836, -0.91941028833389, -472.49298095703, 0.0030710690189153, 0.058382887393236, 0.99828952550888, -0.045178379863501, 0.9972830414772, -0.058185040950775, -0.99897420406342, -0.044922411441803, 0.0057003693655133))
game:GetService("ReplicatedStorage").RemoteEvents.ToolDamageObject:InvokeServer(workspace.Characters:GetChildren()[303], game:GetService("Players").LocalPlayer.Inventory.Morningstar, "4_8401342884", CFrame.new(480.5149230957, -0.91298997402191, -472.49609375, 0.0051642977632582, 0.017331896349788, 0.99983644485474, -0.0064562088809907, 0.99982953071594, -0.017298428341746, -0.99996584653854, -0.0063658189028502, 0.005275315605104))
game:GetService("ReplicatedStorage").RemoteEvents.ToolDamageObject:InvokeServer(workspace.Characters:GetChildren()[303], game:GetService("Players").LocalPlayer.Inventory.Morningstar, "4970_8401342884", CFrame.new(480.5149230957, -0.91298997402191, -472.49609375, 0.0051642977632582, 0.017331896349788, 0.99983644485474, -0.0064562088809907, 0.99982953071594, -0.017298428341746, -0.99996584653854, -0.0063658189028502, 0.005275315605104))
game:GetService("ReplicatedStorage").RemoteEvents.ToolDamageObject:InvokeServer(workspace.Characters:GetChildren()[303], game:GetService("Players").LocalPlayer.Inventory.Morningstar, "4971_8401342884", CFrame.new(480.50189208984, -0.91368234157562, -472.49240112305, -0.0010968070710078, 0.00069887464633211, 0.99999916553497, -6.2365521444008e-05, 0.99999976158142, -0.00069894344778731, -0.99999940395355, -6.3132072682492e-05, -0.0010967631824315))
game:GetService("ReplicatedStorage").RemoteEvents.ToolDamageObject:InvokeServer(workspace.Characters:GetChildren()[303], game:GetService("Players").LocalPlayer.Inventory.Morningstar, "4972_8401342884", CFrame.new(480.4948425293, -0.91847670078278, -472.5231628418, -0.0033301061484963, -0.0011367256520316, 0.99999380111694, -0.0026821920182556, 0.99999576807022, 0.0011277957819402, -0.99999088048935, -0.0026784196961671, -0.0033331408631057))
game:GetService("ReplicatedStorage").RemoteEvents.ToolDamageObject:InvokeServer(workspace.Characters:GetChildren()[303], game:GetService("Players").LocalPlayer.Inventory.Morningstar, "4973_8401342884", CFrame.new(480.505859375, -0.92869877815247, -472.6897277832, -0.011752715334296, -0.0018869286868721, 0.99992913007736, 0.0002176280686399, 0.99999821186066, 0.0018896169494838, -0.99993091821671, 0.00023982078710105, -0.011752284131944))
game:GetService("ReplicatedStorage").RemoteEvents.ToolDamageObject:InvokeServer(workspace.Characters:GetChildren()[303], game:GetService("Players").LocalPlayer.Inventory.Morningstar, "4974_8401342884", CFrame.new(480.36254882812, -0.91781175136566, -473.36083984375, -0.0036463136784732, 0.00015105603961274, 0.99999332427979, 0.00053096131887287, 0.99999982118607, -0.0001491209550295, -0.9999932050705, 0.00053041405044496, -0.0036463933065534))
game:GetService("ReplicatedStorage").RemoteEvents.ToolDamageObject:InvokeServer(workspace.Characters:GetChildren()[303], game:GetService("Players").LocalPlayer.Inventory.Morningstar, "4975_8401342884", CFrame.new(480.35336303711, -0.91167575120926, -473.36471557617, -0.0032521965913475, 1.0150827023381e-07, 0.99999469518661, -3.8697859139347e-08, 1, -1.0163466157564e-07, -0.99999469518661, -3.9028190457202e-08, -0.0032521965913475))
game:GetService("ReplicatedStorage").RemoteEvents.PlayerCastRod:FireServer("FireAllClients", { CFrame.new(0, 0, 0, 0.0032522100955248, 0.95153665542603, -0.30751818418503, -3.4564813233828e-08, 0.30751982331276, 0.95154166221619, 0.99999469518661, -0.0030946028418839, 0.0010001519694924), Vector3.new(483.4963684082, 3.1556854248047, -474.87493896484), Vector3.new(-35.761173248291, -11.962013244629, 27.18102645874), Vector3.new(0, -60, 0) })
game:GetService("ReplicatedStorage").RemoteEvents.PlayerRodBobbleInWater:FireServer("FireAllClients", CFrame.new(475.88809204102, -1.4116263389587, -469.09210205078, 1, 0, 0, 0, 1, 0, 0, 0, 1))
game:GetService("ReplicatedStorage").RemoteEvents.StartCatchTimer:InvokeServer(game:GetService("Players").LocalPlayer.Inventory["Good Rod"], workspace.Map.Water:GetChildren()[21], Vector3.new(475.88809204102, -1.4116263389587, -469.09210205078))
game:GetService("ReplicatedStorage").RemoteEvents.CutsceneFinished:FireServer()
game:GetService("ReplicatedStorage").RemoteEvents.PlayerCastRod:FireServer("FireAllClients", { CFrame.new(0, 0, 0, 0.0032522121910006, 0.93465048074722, -0.35555297136307, -3.5469732040383e-08, 0.35555484890938, 0.93465542793274, 0.99999469518661, -0.0030396850779653, 0.001156372949481), Vector3.new(483.30944824219, 3.3360540866852, -474.87432861328), Vector3.new(-20.944822311401, -20.391246795654, -33.729610443115), Vector3.new(0, -60, 0) })
game:GetService("ReplicatedStorage").RemoteEvents.PlayerRodBobbleInWater:FireServer("FireAllClients", CFrame.new(479.94052124023, -1.4116263389587, -480.29971313477, 1, 0, 0, 0, 1, 0, 0, 0, 1))
game:GetService("ReplicatedStorage").RemoteEvents.StartCatchTimer:InvokeServer(game:GetService("Players").LocalPlayer.Inventory["Good Rod"], workspace.Map.Water:GetChildren()[21], Vector3.new(479.94052124023, -1.4116263389587, -480.29971313477))
game:GetService("ReplicatedStorage").RemoteEvents.PlayerCastRod:FireServer("FireAllClients", { CFrame.new(0, 0, 0, 0.0032522235997021, 0.78438448905945, -0.62026637792587, -3.5997377523245e-08, 0.62026965618134, 0.78438866138458, 0.99999469518661, -0.0025509849656373, 0.0020172838121653), Vector3.new(482.04483032227, 4.0524678230286, -474.87023925781), Vector3.new(-31.635660171509, -20.554824829102, 23.782079696655), Vector3.new(0, -60, 0) })
game:GetService("ReplicatedStorage").RemoteEvents.PlayerRodBobbleInWater:FireServer("FireAllClients", CFrame.new(476.32196044922, -1.4116263389587, -470.5680847168, 1, 0, 0, 0, 1, 0, 0, 0, 1))
game:GetService("ReplicatedStorage").RemoteEvents.StartCatchTimer:InvokeServer(game:GetService("Players").LocalPlayer.Inventory["Good Rod"], workspace.Map.Water:GetChildren()[21], Vector3.new(476.32196044922, -1.4116263389587, -470.5680847168))
game:GetService("ReplicatedStorage").RemoteEvents.PlayerCastRod:FireServer("FireAllClients", { CFrame.new(0, 0, 0, 0.0032522140536457, 0.91533917188644, -0.40267059206963, -4.4994067138759e-08, 0.40267273783684, 0.91534405946732, 0.99999463558197, -0.0029768766835332, 0.0013096191687509), Vector3.new(483.11483764648, 3.481924533844, -474.87368774414), Vector3.new(-9.519965171814, -33.547103881836, -22.649940490723), Vector3.new(0, -60, 0) })
game:GetService("ReplicatedStorage").RemoteEvents.PlayerRodBobbleInWater:FireServer("FireAllClients", CFrame.new(481.96997070312, -1.4116263389587, -477.59753417969, 1, 0, 0, 0, 1, 0, 0, 0, 1))
game:GetService("ReplicatedStorage").RemoteEvents.StartCatchTimer:InvokeServer(game:GetService("Players").LocalPlayer.Inventory["Good Rod"], workspace.Map.Water:GetChildren()[21], Vector3.new(481.96997070312, -1.4116263389587, -477.59753417969))
